// Created by Crowbar 0.68
version 1
nodes
  0 "ValveBiped.Bip01_Pelvis" -1
  1 "ValveBiped.Bip01_Spine" 0
  2 "ValveBiped.Bip01_Spine1" 1
  3 "ValveBiped.Bip01_Spine2" 2
  4 "ValveBiped.Bip01_Spine4" 3
  5 "ValveBiped.Bip01_Neck1" 4
  6 "ValveBiped.Bip01_Head1" 5
  7 "ValveBiped.forward" 6
  8 "ValveBiped.Bip01_R_Clavicle" 4
  9 "ValveBiped.Bip01_R_UpperArm" 8
  10 "ValveBiped.Bip01_R_Forearm" 9
  11 "ValveBiped.Bip01_R_Hand" 10
  12 "ValveBiped.Anim_Attachment_RH" 11
  13 "ValveBiped.Bip01_L_Clavicle" 4
  14 "ValveBiped.Bip01_L_UpperArm" 13
  15 "ValveBiped.Bip01_L_Forearm" 14
  16 "ValveBiped.Bip01_L_Hand" 15
  17 "ValveBiped.Anim_Attachment_LH" 16
  18 "ValveBiped.Bip01_R_Thigh" 0
  19 "ValveBiped.Bip01_R_Calf" 18
  20 "ValveBiped.Bip01_R_Foot" 19
  21 "ValveBiped.Bip01_R_Toe0" 20
  22 "ValveBiped.Bip01_L_Thigh" 0
  23 "ValveBiped.Bip01_L_Calf" 22
  24 "ValveBiped.Bip01_L_Foot" 23
  25 "ValveBiped.Bip01_L_Toe0" 24
  26 "ValveBiped.Bip01_L_Finger4" 16
  27 "ValveBiped.Bip01_L_Finger41" 26
  28 "ValveBiped.Bip01_L_Finger42" 27
  29 "ValveBiped.Bip01_L_Finger3" 16
  30 "ValveBiped.Bip01_L_Finger31" 29
  31 "ValveBiped.Bip01_L_Finger32" 30
  32 "ValveBiped.Bip01_L_Finger2" 16
  33 "ValveBiped.Bip01_L_Finger21" 32
  34 "ValveBiped.Bip01_L_Finger22" 33
  35 "ValveBiped.Bip01_L_Finger1" 16
  36 "ValveBiped.Bip01_L_Finger11" 35
  37 "ValveBiped.Bip01_L_Finger12" 36
  38 "ValveBiped.Bip01_L_Finger0" 16
  39 "ValveBiped.Bip01_L_Finger01" 38
  40 "ValveBiped.Bip01_L_Finger02" 39
  41 "ValveBiped.Bip01_R_Finger4" 11
  42 "ValveBiped.Bip01_R_Finger41" 41
  43 "ValveBiped.Bip01_R_Finger42" 42
  44 "ValveBiped.Bip01_R_Finger3" 11
  45 "ValveBiped.Bip01_R_Finger31" 44
  46 "ValveBiped.Bip01_R_Finger32" 45
  47 "ValveBiped.Bip01_R_Finger2" 11
  48 "ValveBiped.Bip01_R_Finger21" 47
  49 "ValveBiped.Bip01_R_Finger22" 48
  50 "ValveBiped.Bip01_R_Finger1" 11
  51 "ValveBiped.Bip01_R_Finger11" 50
  52 "ValveBiped.Bip01_R_Finger12" 51
  53 "ValveBiped.Bip01_R_Finger0" 11
  54 "ValveBiped.Bip01_R_Finger01" 53
  55 "ValveBiped.Bip01_R_Finger02" 54
end
skeleton
  time 0
    0 -0.306152 1.968750 37.750000 1.473448 -0.012912 -0.498113
    1 0.000005 3.345127 -2.981901 1.565261 -0.045021 1.508416
    2 3.994141 0.000000 0.000000 0.009858 0.043751 0.101234
    3 3.518559 0.000000 0.000000 0.005067 0.005507 0.252515
    4 8.914063 -0.000004 0.000000 0.000000 0.000000 0.233069
    5 3.307270 0.000000 0.000000 3.127861 0.002827 0.406094
    6 3.601563 -0.000004 0.000000 0.332017 -0.028516 0.538096
    7 1.999996 -3.000001 0.000000 -1.570796 0.000000 -1.326450
    8 2.058594 0.977051 -1.937500 -2.880775 1.404128 1.725051
    9 6.028143 0.000004 0.000000 1.749661 0.904394 -0.475828
    10 11.692547 0.000000 0.000004 0.000000 0.000000 -2.046796
    11 11.481701 0.000000 0.000000 -0.786128 -0.163875 1.042230
    12 2.676086 -1.712440 0.000000 -1.570796 0.000000 -1.570796
    13 2.058594 0.977051 1.937500 3.094336 -1.202512 1.441822
    14 6.028143 0.000000 0.000000 -2.146988 -0.975774 -0.450720
    15 11.692558 0.000000 0.000000 0.000000 0.000000 -1.253428
    16 11.481674 0.000000 -0.000031 -0.256557 0.285292 0.053739
    17 2.676088 -1.712440 0.000000 1.570797 0.000000 1.570797
    18 -3.890452 0.000004 0.000007 -1.536040 0.055945 -1.752368
    19 17.848167 0.000000 0.000000 0.000000 0.000000 0.279719
    20 16.525251 0.000000 0.000000 0.315912 0.157178 -1.167044
    21 6.879453 0.000000 0.000000 -0.081333 -0.002951 -0.584373
    22 3.890452 -0.000004 -0.000003 -1.893378 -0.112777 -1.393188
    23 17.848169 0.000000 0.000000 0.000000 0.000000 0.229382
    24 16.525246 0.000000 0.000000 -0.179829 -0.072183 -0.939499
    25 6.879451 0.000000 0.000000 -0.007299 -0.002950 -0.584374
    26 3.849609 0.125977 -1.222656 -0.485318 -0.016322 -1.268051
    27 1.312561 0.000004 0.000001 -0.000014 0.326432 -0.714987
    28 0.729362 0.000002 -0.000001 0.000000 0.002356 -0.578337
    29 3.923828 0.316406 -0.462402 -0.163795 -0.020693 -1.375042
    30 1.539093 0.000000 0.000000 -0.000023 0.147126 -0.565024
    31 1.196320 -0.000002 0.000000 0.000000 0.004737 -0.764845
    32 3.880859 0.214600 0.400146 0.034853 0.091831 -1.433633
    33 1.719576 0.000004 0.000000 -0.000007 0.005001 -0.700517
    34 1.209183 -0.000002 0.000000 -0.000027 0.002783 -0.550378
    35 3.871094 0.117371 1.300781 0.237749 0.158430 -1.402418
    36 1.719429 0.000004 0.000000 -0.000021 0.005058 -0.697007
    37 1.099670 0.000002 0.000000 -0.000010 0.003245 -0.578339
    38 0.838379 -0.300049 1.312500 -1.433966 -0.540341 -0.361278
    39 1.789785 0.000002 0.000004 -0.000020 0.001805 -0.428065
    40 1.206997 0.000001 -0.000002 0.000010 -0.003256 1.055523
    41 3.847656 0.136230 1.221680 0.469747 -0.167676 -0.811378
    42 1.312561 -0.000002 -0.000001 0.000012 -0.007049 -0.729185
    43 0.729359 0.000004 0.000000 0.000035 -0.003590 -0.360219
    44 3.923828 0.320313 0.459717 0.150381 -0.088571 -0.742312
    45 1.539093 0.000004 0.000001 0.000029 -0.004366 -0.550252
    46 1.196323 -0.000002 0.000000 0.000035 -0.007244 -0.733239
    47 3.878906 0.211304 -0.401611 -0.090421 -0.246351 -0.499390
    48 1.719576 -0.000004 0.000000 0.000012 -0.098464 -0.706870
    49 1.209183 -0.000002 0.000000 -0.000009 -0.060976 -0.559528
    50 3.869141 0.106506 -1.301758 -0.352466 0.029263 -0.463944
    51 1.719427 -0.000004 0.000001 0.000030 -0.007700 -0.686500
    52 1.099667 -0.000002 0.000000 0.000027 -0.004886 -0.567776
    53 0.837891 -0.311035 -1.309570 1.384639 0.380792 -0.394878
    54 1.789782 0.000000 0.000000 0.000005 0.003256 0.228524
    55 1.207001 -0.000001 0.000004 0.000043 0.004957 0.362950
end
