193 frames
21 bones
8.2314 -4.078 31.005
8.1650 -4.004 30.853
8.0518 -3.859 30.908
7.8603 -3.625 31.002
7.5674 -3.426 31.158
7.2275 -3.250 31.361
6.8291 -3.063 31.591
6.6142 -2.973 31.716
6.6142 -2.973 31.716
6.2704 -2.645 32.005
6.2470 -2.395 32.103
6.3290 -2.219 32.162
6.4580 -1.977 32.099
6.6337 -1.750 31.869
6.8252 -1.574 31.607
6.9931 -1.434 31.369
7.1220 -1.395 31.240
7.2197 -1.438 31.197
7.3056 -1.516 31.228
7.3447 -1.570 31.267
7.3447 -1.570 31.267
7.5635 -1.820 31.517
7.7041 -2.004 31.697
7.8056 -2.172 31.849
7.9150 -2.355 32.013
8.0010 -2.531 32.170
8.0713 -2.688 32.322
8.1182 -2.844 32.462
8.1533 -3.020 32.615
8.1807 -3.219 32.755
8.2002 -3.457 32.892
8.1963 -3.723 33.002
8.1885 -4.000 33.095
8.1728 -4.285 33.154
8.1455 -4.590 33.197
8.1221 -4.871 33.162
8.1025 -5.106 33.048
8.0869 -5.281 32.857
8.0830 -5.414 32.580
8.0752 -5.414 32.279
8.0674 -5.301 32.013
8.0674 -5.121 31.755
8.0557 -4.879 31.521
8.0478 -4.590 31.334
8.0439 -4.211 31.189
8.0439 -4.000 31.134
8.0439 -4.000 31.134
8.0596 -3.340 31.373
8.0713 -2.957 31.587
8.0752 -2.707 31.822
8.0674 -2.441 32.052
8.0439 -2.219 32.267
8.0049 -2.027 32.482
7.9580 -1.871 32.638
7.9072 -1.715 32.736
7.8642 -1.625 32.775
7.8291 -1.578 32.713
7.7900 -1.516 32.533
7.7549 -1.469 32.298
7.7314 -1.441 32.029
7.7275 -1.418 31.716
7.7275 -1.406 31.544
7.7275 -1.406 31.544
7.8096 -1.734 31.318
7.8721 -2.012 31.330
7.9228 -2.277 31.474
7.9697 -2.539 31.615
7.9736 -2.785 31.791
7.8877 -3.027 31.998
7.7197 -3.250 32.212
7.5244 -3.430 32.416
7.3252 -3.602 32.599
7.1689 -3.809 32.771
7.0322 -4.039 32.892
6.8642 -4.309 32.986
6.8017 -4.563 32.970
6.8564 -4.785 32.841
6.9189 -4.992 32.619
7.0830 -5.152 32.318
7.3330 -5.234 32.009
7.5322 -5.262 31.771
7.7158 -5.207 31.603
7.8486 -4.973 31.572
7.9228 -4.559 31.634
7.9814 -3.957 31.724
7.9971 -3.594 31.787
7.9971 -3.594 31.787
7.5674 -2.742 32.017
7.1377 -2.285 32.170
6.7587 -1.973 32.295
6.4306 -1.598 32.447
6.2353 -1.219 32.595
6.1533 -0.828 32.736
6.0790 -0.461 32.841
5.9892 -0.102 32.951
5.9189 0.1675 32.955
5.8720 0.3315 32.791
5.8368 0.4409 32.521
6.1142 0.4292 32.072
6.3994 0.3589 31.779
6.3994 0.3589 31.779
7.2978 -0.051 31.306
7.7119 -0.531 31.259
7.9228 -1.039 31.380
8.1728 -1.578 31.494
8.3213 -2.051 31.646
8.3408 -2.363 31.822
8.2471 -2.590 32.021
8.0986 -2.828 32.236
7.9228 -3.035 32.447
7.7978 -3.223 32.642
7.7119 -3.379 32.818
7.6806 -3.512 32.986
7.6689 -3.645 33.111
7.6338 -3.809 33.213
7.5869 -3.965 33.224
7.5322 -4.137 33.103
7.4892 -4.172 32.861
7.4580 -4.020 32.541
7.4072 -3.742 32.162
7.3916 -3.359 31.791
7.3642 -2.938 31.478
7.2431 -2.492 31.267
7.1689 -2.262 31.193
7.1689 -2.262 31.193
6.8720 -1.766 31.291
6.7158 -1.629 31.400
6.6142 -1.613 31.525
6.4970 -1.559 31.677
6.4189 -1.457 31.880
6.3681 -1.270 32.162
6.3134 -1.047 32.470
6.2626 -0.824 32.779
6.2275 -0.629 33.017
6.2119 -0.473 33.154
6.2314 -0.402 33.189
6.2626 -0.371 33.091
6.3564 -0.348 32.869
6.5478 -0.344 32.627
6.8564 -0.394 32.357
7.4111 -0.566 32.041
7.7627 -0.687 31.869
7.7627 -0.687 31.869
8.7158 -1.305 31.533
9.1455 -1.754 31.400
9.2940 -2.180 31.443
9.3448 -2.680 31.603
9.2901 -3.207 31.869
9.1885 -3.770 32.197
9.0518 -4.332 32.502
8.9190 -4.879 32.744
8.8057 -5.336 32.771
8.7354 -5.774 32.529
8.7158 -5.949 32.252
8.7119 -5.871 32.033
8.7276 -5.770 31.779
8.7158 -5.438 31.591
8.6572 -4.906 31.502
8.5869 -4.453 31.419
8.5010 -4.008 31.466
8.4189 -3.617 31.611
8.3135 -3.106 31.798
8.1416 -2.105 32.107
8.0361 -1.473 32.283
8.0361 -1.473 32.283
7.7275 0.4292 32.709
7.6064 1.2378 32.935
7.5713 1.5738 32.955
7.5400 1.9644 32.767
7.5556 2.1910 32.384
7.5908 2.3863 31.908
7.6455 2.5660 31.482
7.7705 2.6285 31.193
7.8564 2.6129 31.087
7.8564 2.6129 31.087
8.3291 2.3003 31.048
8.7158 1.9839 31.115
9.0752 1.5074 31.252
9.4893 0.7222 31.431
9.8487 -0.187 31.638
10.122 -1.074 31.849
10.309 -1.809 32.052
10.340 -2.246 32.232
10.204 -2.523 32.380
9.9971 -2.762 32.498
9.7198 -2.984 32.576
9.4073 -3.289 32.666
9.0987 -3.606 32.658
8.8447 -3.887 32.451
8.6299 -4.086 32.076
8.4424 -4.180 31.591
8.2979 -4.156 31.158
8.2314 -4.078 31.005
1.5981 21.107 75.423
3.4477 19.752 76.132
4.7871 17.822 76.694
5.6887 15.025 77.119
6.4976 11.619 77.436
7.0890 7.8073 77.627
7.6949 2.9150 77.779
7.8138 0.2275 77.807
7.8138 0.2275 77.807
7.6399 -6.167 78.319
7.3036 -7.856 78.816
6.4657 -10.71 79.825
5.6452 -12.80 80.813
4.7871 -14.41 81.871
4.0826 -15.42 83.158
3.4362 -15.71 83.857
2.7171 -15.29 84.402
1.9141 -13.97 85.052
0.5457 -11.35 84.882
-0.416 -9.749 84.593
-0.416 -9.749 84.593
-2.895 -3.639 82.624
-3.095 -0.973 81.735
-5.377 2.4268 80.147
-6.580 5.2185 78.925
-7.655 7.9005 77.779
-8.766 10.500 76.705
-9.743 13.072 75.701
-10.70 15.738 74.648
-11.52 18.337 73.622
-12.50 20.937 72.466
-12.74 23.054 71.691
-12.24 24.645 71.320
-11.72 25.725 70.933
-10.24 25.939 71.156
-7.803 25.149 72.133
-5.414 24.058 73.142
-2.831 22.720 74.293
-0.179 21.370 75.477
2.3460 19.895 76.650
4.4074 18.348 77.714
6.3555 16.643 78.718
7.9704 14.328 79.601
9.2518 11.218 80.300
10.852 6.3264 80.894
11.452 3.3812 81.069
11.452 3.3812 81.069
12.884 -4.834 80.829
13.319 -7.264 80.523
13.635 -11.19 79.842
13.638 -13.31 79.198
13.417 -14.85 78.538
12.904 -16.18 77.921
12.156 -17.13 77.381
11.263 -17.93 76.819
10.220 -18.18 76.557
9.0894 -18.06 76.519
7.7964 -17.89 76.115
6.3410 -16.80 75.919
4.9031 -14.33 76.044
3.0708 -10.29 75.974
1.8068 -7.911 75.897
1.8068 -7.911 75.897
-1.385 -0.770 75.379
-1.167 2.7998 75.177
-3.765 6.9188 74.762
-4.649 11.081 74.375
-5.261 15.387 73.950
-5.814 19.676 73.464
-6.096 23.767 73.000
-6.287 27.738 72.433
-6.194 30.848 72.160
-5.959 32.894 72.095
-5.794 33.524 72.051
-5.467 32.773 72.269
-4.698 30.755 72.755
-3.944 28.127 73.208
-3.046 24.913 73.693
-2.066 21.557 74.151
-1.083 18.091 74.571
-0.324 14.811 74.882
0.5573 11.542 75.248
1.5952 8.1364 75.695
2.7374 4.6481 76.197
4.1348 0.0630 76.825
4.7349 -2.498 77.141
4.7349 -2.498 77.141
6.0628 -8.685 77.948
6.1961 -10.33 78.216
5.9207 -12.79 78.734
5.1756 -13.88 79.001
4.1030 -14.20 79.732
2.8534 -14.25 80.649
1.4676 -14.29 80.856
0.0528 -14.03 81.222
-1.443 -13.35 81.784
-3.031 -12.85 82.182
-4.608 -11.83 82.264
-6.713 -9.381 81.582
-8.058 -7.961 81.020
-8.058 -7.961 81.020
-10.41 -0.836 77.758
-9.389 4.1984 76.001
-11.70 7.5221 73.862
-12.08 11.525 72.182
-12.17 15.140 71.096
-12.45 18.250 70.605
-12.70 20.871 70.867
-13.20 23.252 71.522
-13.62 25.254 72.198
-13.84 27.096 72.962
-13.73 28.440 74.119
-13.07 29.252 75.106
-11.50 29.109 75.979
-9.404 27.930 76.912
-6.777 25.857 77.861
-3.956 23.317 78.865
-0.999 20.394 79.771
1.9431 17.471 80.523
4.7321 14.323 81.113
7.0774 10.950 81.451
9.0343 7.3575 81.685
10.959 2.3994 81.980
11.690 -0.403 82.095
11.690 -0.403 82.095
13.429 -7.796 82.760
13.832 -10.24 83.017
14.064 -14.38 83.404
13.942 -16.96 83.633
13.487 -19.02 83.830
12.322 -20.56 84.010
10.257 -21.68 84.299
7.6196 -22.68 84.773
4.5204 -23.39 85.412
1.2995 -23.94 86.165
-1.880 -23.95 86.983
-4.779 -23.44 87.998
-7.377 -22.38 88.472
-9.951 -20.26 88.620
-11.29 -17.25 88.729
-12.19 -12.44 87.970
-13.69 -9.677 87.370
-13.69 -9.677 87.370
-14.06 -1.725 84.975
-12.33 2.4707 83.448
-11.90 4.3465 82.455
-9.546 7.5879 81.325
-6.354 10.571 80.120
-3.197 13.451 79.432
-0.071 15.908 79.143
2.8969 17.915 79.230
5.3843 19.144 79.541
7.2775 19.555 79.902
8.4458 19.050 80.158
9.0373 17.860 80.174
9.3213 16.264 80.071
9.7389 14.663 79.934
10.080 12.929 79.852
10.298 11.103 79.885
10.373 9.2443 80.114
10.330 7.4289 80.562
10.130 5.6573 81.173
9.6345 3.4525 82.029
9.2779 2.2952 82.531
9.2779 2.2952 82.531
8.0081 -0.841 83.840
7.5587 -2.004 84.239
6.6745 -4.044 84.822
5.9497 -5.613 85.068
5.1901 -7.023 85.095
4.5146 -8.372 84.861
3.5985 -9.151 84.637
1.6213 -8.520 84.462
0.3138 -7.823 84.299
0.3138 -7.823 84.299
-3.208 -3.562 83.650
-3.837 -1.116 83.224
-6.270 2.1910 82.384
-7.560 4.8785 81.576
-8.577 7.6483 80.687
-9.575 10.642 79.721
-10.32 13.741 78.690
-10.88 16.758 77.605
-11.05 19.741 76.535
-10.90 22.994 75.346
-10.35 25.533 74.599
-9.485 26.691 74.031
-8.142 26.504 73.529
-6.522 25.495 73.398
-4.568 24.250 73.535
-2.414 23.438 73.977
-0.234 22.489 74.664
1.5981 21.107 75.423
-2.298 -87.49 -119.0
-2.841 -84.94 -120.8
-3.665 -82.83 -123.7
-4.842 -81.00 -126.6
-6.573 -79.40 -129.0
-8.344 -77.83 -130.3
-9.887 -75.46 -129.8
-10.58 -74.10 -129.1
-10.58 -74.10 -129.1
-13.36 -75.04 -123.5
-13.97 -77.14 -119.8
-14.19 -79.83 -116.8
-14.43 -83.41 -113.2
-15.31 -86.97 -110.0
-17.45 -89.71 -107.2
-19.49 -92.40 -104.2
-20.74 -95.28 -100.6
-21.24 -98.32 -96.45
-20.34 -102.8 -90.75
-19.38 -105.3 -87.65
-19.38 -105.3 -87.65
-15.93 -112.4 -79.86
-13.84 -116.2 -76.63
-11.98 -118.2 -75.67
-9.709 -119.9 -75.38
-7.757 -121.1 -76.19
-5.985 -121.6 -78.06
-4.218 -120.4 -81.69
-2.370 -118.0 -86.89
-0.107 -114.7 -93.05
2.5845 -111.3 -98.99
5.1958 -107.9 -104.1
7.2037 -104.9 -107.7
9.0323 -102.0 -110.4
10.039 -98.29 -112.9
9.7346 -93.85 -114.8
9.0379 -89.47 -116.4
7.7248 -85.22 -117.6
6.0774 -81.19 -118.6
4.2338 -77.73 -119.1
2.5920 -74.99 -119.3
0.7858 -73.05 -119.5
-1.205 -71.64 -119.8
-3.302 -70.20 -120.3
-6.235 -67.66 -122.1
-7.875 -66.13 -123.5
-7.875 -66.13 -123.5
-17.80 -65.15 -123.4
-25.50 -66.66 -120.5
-30.41 -71.07 -115.1
-33.56 -77.65 -108.0
-35.28 -84.53 -100.8
-35.76 -90.65 -95.24
-34.15 -95.32 -91.14
-30.05 -98.66 -88.02
-25.24 -101.4 -85.56
-21.32 -103.9 -83.37
-18.31 -106.5 -81.35
-16.79 -109.4 -79.41
-15.61 -112.3 -77.42
-12.85 -116.0 -74.72
-11.19 -118.0 -73.28
-11.19 -118.0 -73.28
-9.532 -122.5 -72.40
-8.245 -123.3 -73.61
-7.458 -123.6 -74.93
-5.596 -123.2 -76.75
-2.875 -121.5 -79.11
0 -119.0 -81.98
3.1374 -115.8 -84.99
6.5257 -112.5 -87.71
9.4638 -109.2 -90.23
11.511 -106.4 -92.53
13.033 -104.0 -95.23
13.700 -101.6 -98.52
13.298 -99.11 -102.1
12.564 -96.74 -105.8
11.408 -94.59 -109.6
10.244 -92.50 -113.3
8.7783 -91.02 -116.5
7.2261 -90.12 -118.8
5.6310 -89.27 -119.7
4.5103 -88.87 -119.0
1.2714 -88.51 -117.9
-9.354 -88.05 -116.4
-16.82 -88.16 -115.0
-16.82 -88.16 -115.0
-27.19 -93.04 -104.9
-30.05 -97.57 -97.98
-31.52 -100.7 -93.25
-33.35 -104.5 -88.54
-34.65 -106.4 -86.21
-35.97 -106.3 -86.79
-36.74 -106.1 -87.73
-34.67 -105.7 -88.76
-30.80 -106.0 -89.60
-27.31 -107.5 -89.14
-24.34 -109.2 -88.30
-23.29 -112.5 -86.37
-23.47 -114.9 -84.93
-23.47 -114.9 -84.93
-19.40 -120.6 -78.99
-15.29 -122.7 -74.63
-12.40 -124.3 -73.43
-10.00 -123.8 -75.35
-8.075 -121.2 -78.64
-6.971 -118.2 -84.27
-6.362 -115.0 -90.45
-5.929 -112.8 -95.06
-5.831 -110.8 -98.68
-6.037 -108.6 -101.7
-6.504 -106.3 -103.9
-7.081 -103.9 -105.4
-7.778 -101.2 -106.5
-8.452 -97.78 -107.7
-9.322 -94.04 -108.9
-10.56 -90.32 -110.0
-11.92 -86.90 -111.0
-12.95 -83.72 -112.0
-14.25 -81.74 -112.8
-15.47 -81.01 -113.2
-17.15 -80.00 -113.6
-22.14 -78.76 -113.8
-25.67 -78.40 -113.6
-25.67 -78.40 -113.6
-38.39 -80.11 -105.8
-44.20 -82.79 -98.46
-46.50 -86.13 -92.05
-48.31 -90.03 -85.55
-49.30 -94.16 -80.38
-49.65 -98.89 -76.28
-49.36 -103.6 -73.10
-49.28 -108.1 -70.99
-48.20 -112.0 -70.04
-45.20 -114.8 -70.33
-41.67 -117.0 -71.24
-38.13 -119.3 -71.83
-36.49 -121.6 -71.39
-37.30 -124.6 -70.48
-38.37 -127.3 -70.77
-39.34 -128.3 -72.67
-39.86 -128.5 -74.14
-39.86 -128.5 -74.14
-39.52 -123.2 -81.78
-38.47 -117.0 -89.20
-36.41 -110.2 -95.26
-33.08 -103.0 -100.2
-29.20 -96.32 -104.0
-25.78 -90.64 -105.9
-23.09 -85.74 -106.6
-21.29 -81.44 -107.0
-20.45 -77.66 -107.7
-20.17 -74.18 -109.4
-20.55 -71.16 -112.1
-21.25 -68.20 -115.9
-22.39 -66.32 -119.4
-23.81 -65.81 -121.5
-25.15 -66.83 -121.7
-26.36 -68.79 -120.8
-28.00 -71.97 -119.3
-29.94 -76.53 -116.0
-31.68 -82.46 -110.6
-33.02 -91.16 -102.7
-33.44 -96.30 -98.09
-33.44 -96.30 -98.09
-33.37 -108.0 -86.78
-31.37 -111.1 -81.74
-29.54 -112.5 -78.54
-28.03 -113.8 -75.52
-27.59 -114.8 -73.99
-28.23 -116.4 -73.19
-28.93 -118.4 -72.20
-28.07 -121.3 -70.68
-26.97 -123.0 -69.76
-26.97 -123.0 -69.76
-24.68 -127.3 -67.93
-23.12 -128.7 -67.67
-22.18 -129.2 -68.18
-21.57 -129.1 -69.13
-21.06 -128.3 -71.14
-20.40 -127.0 -74.37
-19.31 -125.0 -78.67
-17.44 -122.8 -83.68
-14.86 -120.1 -88.89
-11.73 -117.2 -93.40
-8.521 -113.8 -97.53
-5.611 -109.6 -101.7
-3.024 -105.3 -105.8
-1.478 -101.2 -109.5
-1.076 -97.28 -112.7
-1.143 -93.44 -115.2
-1.677 -90.03 -117.3
-2.298 -87.49 -119.0
-8.195 75.855 2.5412
-8.199 75.902 2.5392
-8.303 76.891 2.4815
-8.533 79.104 2.3373
-8.809 81.909 2.1382
-9.074 84.804 1.9204
-9.300 87.386 1.7076
-9.400 88.582 1.6026
-9.400 88.582 1.6026
-9.400 88.607 1.6019
-9.190 86.068 1.8127
-8.771 81.484 2.1711
-8.322 77.024 2.4684
-8.061 74.609 2.6140
-8.087 74.848 2.6009
-8.125 75.201 2.5818
-8.141 75.356 2.5714
-8.145 75.400 2.5687
-8.133 75.276 2.5756
-8.120 75.152 2.5831
-8.120 75.152 2.5831
-8.235 76.246 2.5192
-8.303 76.891 2.4801
-8.325 77.089 2.4670
-8.292 76.776 2.4877
-8.215 76.041 2.5323
-8.127 75.226 2.5797
-8.022 74.250 2.6346
-7.908 73.187 2.6923
-7.792 72.114 2.7479
-7.684 71.160 2.7946
-7.581 70.255 2.8372
-7.476 69.303 2.8791
-7.383 68.479 2.9141
-7.301 67.775 2.9429
-7.267 67.477 2.9546
-7.294 67.719 2.9456
-7.374 68.410 2.9175
-7.490 69.421 2.8743
-7.618 70.546 2.8234
-7.704 71.336 2.7857
-7.807 72.272 2.7376
-7.939 73.491 2.6765
-8.145 75.403 2.5680
-8.561 79.352 2.3153
-8.811 81.896 2.1436
-8.811 81.896 2.1436
-9.643 91.641 1.3265
-10.04 97.354 0.7765
-10.18 99.418 0.5464
-10.21 99.827 0.5018
-10.21 99.886 0.4956
-10.15 98.969 0.6055
-9.913 95.299 0.9715
-9.409 88.560 1.5813
-8.734 81.131 2.1958
-8.076 74.718 2.6133
-7.749 71.752 2.7644
-7.777 72.003 2.7520
-7.805 72.257 2.7390
-7.803 72.232 2.7410
-7.801 72.207 2.7438
-7.801 72.207 2.7438
-8.159 75.533 2.5625
-8.283 76.705 2.4904
-8.300 76.875 2.4801
-8.239 76.292 2.5172
-8.090 74.876 2.6009
-7.911 73.208 2.6923
-7.688 71.175 2.7939
-7.433 68.909 2.8949
-7.174 66.659 2.9841
-6.939 64.635 3.0535
-6.757 63.098 3.1002
-6.644 62.152 3.1249
-6.615 61.905 3.1297
-6.666 62.332 3.1194
-6.779 63.275 3.0947
-6.903 64.331 3.0631
-7.027 65.404 3.0288
-7.143 66.396 2.9951
-7.201 66.895 2.9773
-7.205 66.923 2.9759
-7.209 66.947 2.9745
-8.622 79.318 2.1986
-9.650 91.725 1.3210
-9.650 91.725 1.3210
-10.07 97.692 0.7277
-10.10 98.104 0.6845
-10.10 98.163 0.6783
-10.09 98.008 0.6955
-10.03 97.112 0.7909
-9.938 95.699 0.9406
-9.753 93.107 1.1892
-9.414 88.718 1.5840
-9.003 84.007 1.9836
-8.599 79.773 2.2940
-8.398 77.783 2.4231
-8.543 79.194 2.3290
-8.684 80.607 2.2336
-8.684 80.607 2.2336
-8.886 82.712 2.0812
-8.880 82.650 2.0860
-8.855 82.386 2.1059
-8.813 81.946 2.1395
-8.754 81.335 2.1855
-8.681 80.588 2.2384
-8.605 79.832 2.2906
-8.539 79.187 2.3331
-8.490 78.704 2.3647
-8.466 78.471 2.3798
-8.449 78.313 2.3902
-8.423 78.053 2.4067
-8.386 77.693 2.4293
-8.319 77.036 2.4698
-8.276 76.624 2.4946
-8.277 76.633 2.4946
-8.283 76.699 2.4925
-8.302 76.878 2.4822
-8.327 77.105 2.4664
-8.336 77.191 2.4609
-8.356 77.396 2.4479
-8.754 81.326 2.1725
-9.096 85.052 1.9026
-9.096 85.052 1.9026
-9.950 95.860 0.9179
-10.17 99.322 0.5547
-10.20 99.818 0.5032
-10.20 99.750 0.5101
-10.17 99.272 0.5609
-10.09 97.989 0.6968
-9.946 95.804 0.9207
-9.784 93.563 1.1487
-9.537 90.293 1.4501
-9.113 85.213 1.8779
-8.602 79.807 2.2920
-8.061 74.575 2.6195
-7.779 72.018 2.7527
-7.939 73.469 2.6772
-8.238 76.265 2.5179
-8.563 79.404 2.3146
-8.741 81.205 2.1924
-8.741 81.205 2.1924
-9.052 84.546 1.9397
-9.124 85.386 1.8731
-9.134 85.504 1.8635
-9.080 84.866 1.9157
-8.943 83.331 2.0345
-8.761 81.407 2.1766
-8.561 79.392 2.3180
-8.368 77.504 2.4417
-8.273 76.599 2.4966
-8.289 76.751 2.4877
-8.398 77.808 2.4238
-8.679 80.604 2.2377
-9.058 84.618 1.9356
-9.406 88.638 1.5964
-9.694 92.305 1.2640
-9.908 95.246 0.9784
-10.01 96.715 0.8273
-10.03 97.069 0.7930
-10.03 97.121 0.7882
-9.953 95.891 0.9124
-9.867 94.663 1.0367
-9.867 94.663 1.0367
-9.598 91.065 1.3828
-9.103 85.080 1.8834
-8.525 79.042 2.3407
-7.976 73.804 2.6635
-7.715 71.432 2.7809
-7.866 72.796 2.7102
-8.013 74.160 2.6373
-8.011 74.141 2.6394
-8.009 74.126 2.6408
-8.009 74.126 2.6408
-8.022 74.244 2.6346
-8.068 74.659 2.6120
-8.134 75.270 2.5776
-8.227 76.150 2.5254
-8.322 77.064 2.4691
-8.394 77.768 2.4245
-8.425 78.062 2.4053
-8.389 77.715 2.4272
-8.309 76.943 2.4753
-8.224 76.134 2.5254
-8.119 75.139 2.5845
-7.958 73.636 2.6669
-7.860 72.747 2.7136
-7.867 72.818 2.7102
-7.921 73.314 2.6847
-8.075 74.733 2.6058
-8.190 75.806 2.5439
-8.195 75.855 2.5412
-12.61 -92.41 4.8298
-12.48 -92.51 4.6546
-13.94 -92.04 5.6635
-16.84 -90.86 7.6992
-20.28 -89.39 9.4817
-22.33 -87.69 11.655
-19.37 -85.70 15.232
-16.35 -84.65 17.411
-16.35 -84.65 17.411
-10.35 -83.55 18.689
-7.425 -83.91 18.629
-6.748 -85.04 17.811
-8.032 -86.50 15.319
-10.58 -88.15 12.034
-12.86 -89.68 9.4321
-15.16 -90.82 7.1151
-17.20 -91.40 5.1024
-19.11 -91.62 3.3660
-21.52 -91.62 1.3161
-22.80 -91.52 0.2718
-22.80 -91.52 0.2718
-27.15 -86.99 -3.663
-29.79 -83.15 -6.787
-31.55 -80.12 -9.444
-33.42 -77.61 -12.22
-34.26 -76.63 -14.13
-34.22 -76.65 -14.93
-33.96 -76.79 -15.01
-31.82 -78.60 -13.07
-27.72 -81.58 -9.640
-23.29 -83.93 -6.431
-19.04 -85.80 -4.567
-16.28 -86.86 -4.521
-14.16 -87.51 -4.702
-11.96 -88.18 -4.852
-9.877 -88.74 -4.882
-7.679 -89.29 -4.259
-5.741 -89.74 -3.179
-4.298 -90.06 -2.289
-3.251 -90.33 -1.239
-2.347 -90.63 0.0399
-1.800 -91.03 1.5374
-1.630 -91.51 3.0048
-1.434 -92.29 4.9555
-0.230 -93.85 8.6834
0.7326 -94.84 11.023
0.7326 -94.84 11.023
-5.898 -86.49 16.813
-10.49 -78.03 14.615
-13.67 -70.82 11.212
-16.03 -66.21 5.6919
-17.70 -62.85 -0.503
-18.73 -57.92 -5.581
-20.14 -55.19 -9.120
-23.03 -55.63 -11.06
-26.55 -57.29 -11.52
-30.36 -59.82 -11.13
-33.45 -63.09 -10.51
-34.72 -66.37 -10.31
-35.13 -69.98 -9.817
-35.67 -75.26 -8.129
-35.83 -78.31 -6.997
-35.83 -78.31 -6.997
-34.96 -77.34 -5.704
-34.41 -75.95 -4.946
-33.92 -75.15 -4.266
-33.55 -75.56 -3.512
-32.56 -76.98 -2.294
-30.32 -79.23 -0.057
-27.27 -81.79 2.3251
-23.78 -84.06 4.3183
-20.46 -85.84 5.3644
-18.17 -86.77 5.0387
-16.32 -87.35 4.2846
-14.34 -88.00 3.7996
-12.50 -88.88 3.5784
-10.67 -90.24 3.7802
-9.211 -91.90 4.0545
-8.243 -93.74 4.0120
-7.870 -95.47 4.0793
-7.927 -97.04 4.4280
-8.175 -97.76 4.6971
-8.264 -97.75 5.6848
-8.432 -97.64 7.5221
-14.17 -94.56 9.2516
-19.68 -91.44 10.023
-19.68 -91.44 10.023
-21.99 -75.86 0.1195
-21.24 -68.75 -6.608
-19.84 -65.02 -11.22
-18.77 -60.55 -15.05
-17.75 -56.47 -16.93
-16.43 -51.18 -16.44
-15.70 -48.35 -14.06
-17.24 -51.78 -10.85
-19.89 -59.42 -7.132
-22.03 -68.63 -3.801
-23.00 -77.03 -1.507
-22.93 -81.28 -0.965
-22.91 -82.17 -1.207
-22.91 -82.17 -1.207
-22.90 -85.60 -2.241
-23.60 -86.96 -4.018
-24.12 -87.32 -5.192
-24.03 -87.58 -5.353
-23.67 -87.59 -5.387
-23.09 -87.08 -4.967
-22.35 -85.91 -4.670
-21.74 -84.47 -4.983
-20.80 -82.92 -5.325
-19.12 -81.63 -4.679
-17.36 -80.45 -3.489
-16.17 -79.18 -2.855
-15.27 -78.19 -2.703
-14.30 -77.67 -2.859
-13.84 -77.58 -3.149
-13.90 -77.66 -3.969
-14.29 -78.00 -5.243
-15.25 -78.77 -6.428
-17.11 -79.38 -7.837
-19.62 -79.55 -10.02
-22.63 -79.67 -11.27
-26.71 -75.95 -10.73
-29.02 -72.08 -10.24
-29.02 -72.08 -10.24
-26.57 -54.58 -12.58
-20.05 -46.49 -14.04
-13.18 -42.61 -14.76
-7.375 -38.81 -16.45
-4.654 -36.41 -19.40
-4.961 -34.95 -23.24
-6.671 -34.50 -26.93
-9.186 -34.47 -29.64
-13.26 -36.22 -30.42
-19.60 -41.78 -29.33
-25.97 -49.86 -27.34
-30.71 -58.59 -23.73
-32.60 -63.94 -19.98
-31.79 -64.68 -18.34
-29.84 -64.95 -16.28
-26.83 -65.34 -11.46
-24.94 -65.50 -8.345
-24.94 -65.50 -8.345
-18.57 -68.83 2.5429
-14.03 -71.81 9.2976
-10.27 -74.29 13.875
-6.310 -76.29 18.183
-2.865 -77.60 20.767
-0.077 -78.28 21.867
1.9463 -78.36 22.033
3.3185 -78.33 21.463
4.1751 -78.32 20.585
5.0785 -78.80 20.228
5.4713 -79.28 20.176
4.6179 -78.33 22.081
1.6522 -77.19 23.929
-3.383 -77.05 23.299
-9.030 -77.14 20.730
-13.10 -79.30 16.620
-16.87 -81.97 11.322
-21.32 -82.70 5.2246
-25.70 -83.00 -0.457
-30.64 -82.28 -5.535
-33.20 -81.42 -7.863
-33.20 -81.42 -7.863
-36.81 -78.22 -8.291
-36.16 -73.10 -8.031
-34.84 -67.99 -7.332
-33.48 -63.25 -6.727
-32.73 -61.03 -6.396
-32.79 -62.65 -6.135
-32.92 -66.10 -5.571
-33.11 -70.74 -4.792
-33.20 -73.55 -4.318
-33.20 -73.55 -4.318
-32.05 -77.45 -2.705
-30.74 -79.73 -1.441
-29.43 -80.40 -0.685
-28.13 -80.33 -0.466
-26.99 -80.13 -0.245
-26.14 -79.58 0.2541
-25.56 -79.16 1.0294
-25.34 -79.20 2.0897
-24.95 -79.52 3.2845
-23.84 -80.40 4.7448
-21.96 -82.07 5.8547
-19.26 -84.29 6.4442
-16.60 -86.65 6.9787
-14.93 -88.65 6.6318
-13.87 -90.29 5.7308
-13.12 -91.64 5.3202
-12.74 -92.31 5.0051
-12.61 -92.41 4.8298
-34.13 -56.27 -123.4
-33.74 -53.76 -124.0
-32.86 -52.95 -123.3
-31.55 -53.61 -120.7
-30.08 -55.89 -115.6
-28.31 -59.43 -109.0
-25.38 -64.11 -100.7
-23.58 -66.79 -96.18
-23.58 -66.79 -96.18
-19.79 -72.14 -88.18
-18.40 -75.32 -83.92
-18.75 -77.23 -81.33
-19.54 -78.93 -79.01
-20.38 -80.38 -77.36
-21.89 -81.43 -76.01
-23.01 -82.03 -75.03
-22.80 -82.48 -74.32
-21.88 -83.02 -73.58
-20.10 -83.98 -72.19
-18.93 -84.57 -71.36
-18.93 -84.57 -71.36
-17.08 -85.68 -70.44
-19.87 -87.13 -69.51
-25.49 -88.62 -68.44
-31.60 -88.86 -69.30
-37.64 -87.92 -72.72
-42.60 -86.35 -77.99
-46.44 -85.05 -84.04
-49.01 -83.37 -90.34
-49.65 -81.64 -96.23
-49.17 -80.74 -100.3
-48.15 -79.83 -102.3
-47.24 -78.61 -103.5
-45.21 -77.23 -105.0
-40.82 -76.26 -105.7
-35.92 -75.08 -105.8
-31.91 -73.03 -106.5
-29.55 -70.46 -106.9
-29.91 -67.44 -106.8
-30.93 -64.82 -106.2
-30.87 -63.55 -104.6
-30.70 -62.90 -102.3
-30.57 -62.36 -99.74
-30.35 -61.89 -96.69
-28.79 -61.68 -92.16
-27.42 -61.83 -89.42
-27.42 -61.83 -89.42
-20.64 -62.07 -80.82
-16.74 -62.40 -76.31
-14.13 -63.44 -73.53
-11.30 -65.09 -70.61
-8.401 -66.73 -68.52
-5.427 -68.32 -66.96
-2.496 -69.81 -66.30
0.5843 -71.03 -66.25
3.0777 -72.00 -66.86
4.5782 -72.89 -68.03
4.7175 -73.80 -69.76
3.8416 -75.07 -71.51
1.8135 -76.60 -73.98
-2.381 -78.43 -78.73
-5.124 -79.46 -81.61
-5.124 -79.46 -81.61
-19.93 -79.62 -88.01
-28.23 -76.68 -93.00
-33.76 -73.99 -97.35
-38.03 -71.55 -101.9
-40.89 -69.77 -105.6
-43.42 -69.29 -107.7
-45.63 -70.45 -107.7
-48.14 -72.40 -106.4
-49.52 -74.44 -104.7
-49.59 -75.30 -104.0
-48.89 -75.78 -103.7
-44.12 -75.50 -105.4
-36.46 -74.37 -108.2
-29.55 -73.36 -111.2
-25.05 -71.04 -114.5
-23.26 -67.52 -116.8
-21.64 -64.56 -118.3
-20.13 -62.61 -118.2
-18.92 -61.42 -116.7
-18.00 -60.42 -114.7
-17.48 -60.19 -111.8
-17.08 -60.82 -107.2
-16.88 -61.31 -104.4
-16.88 -61.31 -104.4
-16.30 -64.84 -96.49
-15.85 -67.80 -92.41
-15.69 -70.91 -89.75
-15.98 -74.88 -86.45
-16.39 -79.09 -83.51
-16.70 -83.06 -81.13
-16.68 -86.63 -79.44
-16.07 -89.69 -78.30
-15.19 -92.11 -78.01
-14.28 -93.99 -78.37
-13.46 -95.31 -79.20
-12.81 -96.46 -80.60
-12.54 -96.91 -81.48
-12.54 -96.91 -81.48
-13.61 -95.83 -86.70
-17.42 -94.85 -89.27
-22.85 -93.30 -91.37
-29.53 -90.23 -95.06
-36.21 -86.47 -99.88
-41.12 -82.19 -105.9
-44.95 -78.90 -111.3
-48.21 -77.44 -114.7
-50.44 -76.86 -116.0
-52.25 -77.46 -115.5
-52.89 -78.20 -114.7
-52.81 -78.19 -113.7
-52.28 -78.12 -111.7
-48.94 -76.72 -111.7
-43.32 -74.08 -113.1
-37.61 -71.74 -114.6
-33.69 -68.58 -115.8
-32.67 -64.41 -116.5
-31.88 -61.02 -116.5
-30.83 -59.00 -115.3
-30.12 -57.77 -113.3
-29.27 -56.99 -110.1
-28.82 -56.86 -108.1
-28.82 -56.86 -108.1
-27.19 -57.47 -101.6
-26.00 -58.33 -97.69
-24.73 -59.40 -94.92
-23.20 -60.88 -91.89
-21.49 -63.14 -89.31
-19.50 -66.19 -87.35
-17.46 -69.81 -86.17
-15.49 -73.64 -85.97
-13.87 -77.56 -86.61
-12.54 -81.40 -87.39
-12.18 -84.82 -88.24
-12.76 -87.67 -88.88
-13.82 -90.23 -89.23
-15.81 -92.36 -88.93
-18.81 -93.83 -88.18
-22.78 -95.18 -87.50
-25.09 -95.78 -87.06
-25.09 -95.78 -87.06
-37.13 -95.52 -85.29
-45.28 -92.70 -86.59
-51.59 -88.94 -88.25
-58.32 -83.83 -89.34
-61.50 -77.66 -92.97
-61.27 -72.31 -96.80
-60.27 -66.06 -101.2
-55.71 -60.76 -106.2
-49.26 -58.01 -109.4
-44.55 -55.65 -111.9
-41.77 -53.43 -113.9
-40.71 -51.54 -115.2
-40.23 -50.79 -115.6
-39.17 -51.18 -114.7
-37.70 -52.44 -113.0
-36.69 -53.65 -111.5
-35.92 -55.35 -109.7
-35.16 -57.27 -107.9
-34.57 -59.79 -105.7
-34.08 -64.12 -101.6
-33.84 -66.77 -99.14
-33.84 -66.77 -99.14
-33.21 -74.59 -90.07
-32.70 -78.10 -85.16
-32.45 -79.77 -82.16
-32.38 -81.50 -79.10
-32.61 -82.67 -77.54
-32.99 -83.33 -77.14
-33.67 -84.07 -76.76
-35.01 -86.14 -76.25
-35.85 -87.52 -76.03
-35.85 -87.52 -76.03
-39.20 -93.50 -72.75
-43.81 -97.23 -70.57
-48.77 -99.88 -68.79
-53.72 -102.4 -66.63
-57.99 -103.9 -65.60
-61.27 -104.8 -65.77
-62.65 -104.1 -68.50
-62.51 -102.1 -73.14
-61.69 -98.75 -78.91
-60.41 -94.85 -84.81
-58.11 -89.29 -92.04
-54.43 -82.05 -100.4
-48.92 -75.55 -107.8
-40.27 -72.04 -113.5
-34.10 -68.69 -117.3
-33.77 -63.50 -120.3
-34.50 -58.79 -122.8
-34.13 -56.27 -123.4
0.2411 80.619 -10.45
0.2678 80.943 -10.49
0.2472 80.689 -10.46
0.1999 80.111 -10.41
0.1463 79.451 -10.35
0.0879 78.736 -10.28
0.0241 77.932 -10.20
0 77.510 -10.16
0 77.510 -10.16
-0.043 77.073 -10.12
-0.039 77.127 -10.13
0 77.506 -10.16
0.0570 78.350 -10.24
0.1380 79.365 -10.34
0.2218 80.388 -10.43
0.2657 80.916 -10.48
0.1827 79.916 -10.39
0 77.580 -10.17
-0.267 74.007 -9.823
-0.429 71.773 -9.585
-0.429 71.773 -9.585
-0.751 66.743 -9.016
-0.488 70.797 -9.480
0.0666 78.455 -10.25
0.6222 85.208 -10.86
1.1584 91.374 -11.32
1.5752 95.908 -11.61
1.8884 99.095 -11.79
2.1363 101.63 -11.92
2.2585 102.82 -11.97
2.2963 103.20 -11.98
2.3011 103.25 -11.98
2.2688 102.91 -11.97
2.0353 100.58 -11.87
1.4070 93.889 -11.50
0.6002 85.012 -10.84
-0.096 76.381 -10.06
-0.418 71.945 -9.594
-0.374 72.558 -9.663
-0.307 73.519 -9.766
-0.284 73.847 -9.799
-0.249 74.312 -9.846
-0.161 75.503 -9.967
-0.061 76.842 -10.10
0.0337 78.073 -10.22
0.0804 78.670 -10.28
0.0804 78.670 -10.28
-0.109 76.217 -10.04
-0.251 74.304 -9.846
-0.360 72.765 -9.686
-0.442 71.597 -9.560
-0.523 70.391 -9.429
-0.629 68.762 -9.245
-0.756 66.669 -9.006
-0.917 63.787 -8.672
-1.055 61.143 -8.350
-1.130 59.534 -8.148
-1.151 59.038 -8.088
-1.123 59.733 -8.172
-1.027 61.791 -8.430
-0.807 65.759 -8.910
-0.654 68.364 -9.202
-0.654 68.364 -9.202
0.9305 88.828 -11.14
1.7826 98.486 -11.72
2.2489 102.69 -11.96
2.5586 105.84 -12.08
2.6231 106.42 -12.11
2.6204 106.39 -12.11
2.6032 106.21 -12.11
2.5256 105.45 -12.08
2.3676 103.90 -12.01
2.2166 102.50 -11.95
1.9467 99.685 -11.82
1.4365 94.245 -11.51
0.8316 87.688 -11.05
0.2300 80.529 -10.45
-0.136 75.846 -10.00
-0.207 74.897 -9.906
-0.236 74.491 -9.865
-0.306 73.519 -9.764
-0.370 72.609 -9.667
-0.418 71.929 -9.596
-0.435 71.664 -9.569
-0.420 71.883 -9.591
-0.405 72.101 -9.612
-0.405 72.101 -9.612
-0.283 73.847 -9.796
-0.198 75.022 -9.920
-0.130 75.936 -10.01
-0.045 77.073 -10.12
0 77.655 -10.18
0 77.639 -10.18
0 77.530 -10.17
-0.076 76.616 -10.08
-0.197 75.034 -9.920
-0.299 73.644 -9.778
-0.391 72.339 -9.642
-0.477 71.066 -9.505
-0.516 70.461 -9.439
-0.516 70.461 -9.439
-0.479 71.047 -9.504
-0.076 76.635 -10.09
0.6784 85.918 -10.91
1.4956 94.729 -11.55
2.2029 102.26 -11.94
2.6416 106.78 -12.12
2.8257 108.39 -12.18
2.8717 108.84 -12.19
2.8779 108.91 -12.19
2.7955 108.11 -12.17
2.6114 106.31 -12.11
2.4610 104.95 -12.05
2.1809 102.03 -11.93
1.6157 96.123 -11.63
0.9277 88.781 -11.13
0.1731 79.740 -10.39
-0.221 74.702 -9.886
-0.190 75.120 -9.927
-0.124 75.987 -10.01
-0.063 76.799 -10.09
0 77.760 -10.19
0.1243 79.197 -10.33
0.1923 80.045 -10.40
0.1923 80.045 -10.40
0.2747 81.037 -10.50
0.2657 80.931 -10.49
0.2252 80.427 -10.44
0.1600 79.642 -10.37
0.0529 78.303 -10.24
-0.095 76.393 -10.05
-0.281 73.878 -9.802
-0.491 70.844 -9.481
-0.697 67.645 -9.125
-0.881 64.517 -8.759
-1.008 62.123 -8.470
-1.064 60.975 -8.330
-1.071 60.811 -8.310
-1.014 61.982 -8.455
-0.880 64.490 -8.757
-0.680 67.864 -9.150
-0.553 69.906 -9.373
-0.553 69.906 -9.373
0.4985 83.770 -10.74
1.2559 92.491 -11.39
1.8115 98.287 -11.75
2.3471 103.78 -12.01
2.5839 106.03 -12.10
2.4336 104.70 -12.04
2.0188 100.43 -11.86
1.3761 93.436 -11.47
0.6819 85.934 -10.91
0.1532 79.658 -10.37
-0.061 76.831 -10.10
-0.019 77.377 -10.15
0.0501 78.264 -10.24
0.0906 78.783 -10.29
0.1237 79.186 -10.33
0.1587 79.627 -10.37
0.1758 79.838 -10.38
0.1545 79.576 -10.36
0.1237 79.189 -10.33
0.1099 79.014 -10.31
0.1065 78.963 -10.30
0.1065 78.963 -10.30
0.1051 78.979 -10.30
0.0879 78.756 -10.28
0.0701 78.533 -10.27
0.1133 79.064 -10.32
0.2143 80.310 -10.43
0.3434 81.865 -10.57
0.4704 83.407 -10.71
0.5686 84.610 -10.81
0.6091 85.114 -10.85
0.6091 85.114 -10.85
0.7203 86.387 -10.95
1.1639 91.343 -11.32
1.7332 97.486 -11.70
2.2894 103.14 -11.98
2.7343 107.50 -12.14
2.9493 109.57 -12.21
2.9795 109.87 -12.22
2.9019 109.12 -12.20
2.7336 107.49 -12.15
2.5832 106.08 -12.10
2.3519 103.75 -12.01
2.0106 100.49 -11.85
1.5066 95.127 -11.56
0.5610 84.114 -10.80
-0.047 77.018 -10.11
0.0632 78.412 -10.25
0.2143 80.291 -10.42
0.2411 80.619 -10.45
27.077 -52.50 24.304
28.368 -56.75 22.525
28.938 -61.18 19.656
28.342 -65.84 14.762
26.265 -70.89 8.0078
23.057 -75.30 0.5998
18.344 -79.04 -7.641
15.538 -80.60 -11.93
15.538 -80.60 -11.93
11.516 -81.10 -18.81
11.450 -80.04 -21.57
12.062 -78.54 -21.52
14.033 -76.70 -20.48
16.685 -75.24 -18.98
19.303 -74.45 -17.01
20.619 -74.09 -14.20
20.700 -76.81 -12.19
21.054 -81.58 -11.13
21.939 -85.95 -9.687
22.469 -88.29 -9.014
22.469 -88.29 -9.014
26.543 -89.52 -6.380
31.813 -81.40 -5.457
35.477 -64.77 -1.894
37.253 -48.56 4.5472
37.488 -32.02 11.429
32.770 -27.68 17.115
27.858 -27.81 24.198
23.068 -28.87 28.588
19.029 -31.28 29.920
17.181 -35.59 26.496
17.049 -41.37 20.427
17.177 -46.72 14.600
17.613 -50.28 9.3332
17.740 -51.40 5.5070
17.757 -51.57 2.7065
18.227 -50.59 0.6739
18.692 -49.60 0.0373
18.584 -53.11 -1.353
18.070 -59.83 -4.159
16.742 -66.24 -6.867
16.091 -71.42 -9.325
16.519 -74.00 -11.53
16.798 -75.32 -13.70
18.739 -76.15 -15.74
20.502 -76.18 -16.65
20.502 -76.18 -16.65
28.621 -75.29 -11.19
31.638 -74.28 -6.284
32.037 -73.97 -3.384
31.035 -74.77 -2.913
28.929 -76.95 -3.770
26.732 -79.65 -4.854
24.333 -83.20 -6.143
21.602 -87.75 -7.252
19.675 -91.96 -7.971
19.075 -94.87 -7.933
19.006 -96.84 -7.923
19.163 -98.21 -8.374
19.316 -98.61 -8.564
19.014 -97.49 -9.007
18.699 -96.37 -9.452
18.699 -96.37 -9.452
20.883 -86.76 -10.02
20.333 -75.25 -3.347
17.809 -64.94 2.4472
13.637 -59.15 8.1981
8.9595 -53.93 13.396
4.7423 -49.22 16.613
1.6194 -44.94 18.755
-0.022 -39.87 19.536
0.7628 -36.49 19.252
3.2155 -35.27 19.265
6.3549 -35.56 19.124
11.136 -41.33 18.853
16.821 -50.40 18.125
21.414 -57.35 17.253
25.556 -63.23 16.631
29.411 -67.53 16.997
32.962 -70.74 17.120
36.322 -74.19 15.922
38.952 -76.88 14.553
40.744 -78.63 13.321
41.348 -79.18 12.416
40.950 -79.40 11.439
40.538 -79.52 10.848
40.538 -79.52 10.848
36.147 -78.19 8.7202
32.783 -77.09 7.0530
29.870 -75.78 5.5037
26.866 -73.65 3.7674
24.096 -71.88 1.9521
21.723 -71.27 -0.277
19.589 -71.60 -1.577
17.496 -73.48 -2.337
15.959 -77.05 -3.323
14.675 -81.29 -3.495
14.404 -85.79 -3.074
15.624 -90.81 -2.295
16.505 -93.55 -1.774
16.505 -93.55 -1.774
21.847 -94.41 0.7547
25.333 -90.79 1.6961
26.379 -81.96 5.6350
24.616 -70.71 12.125
21.753 -59.89 18.036
16.760 -53.09 21.911
11.171 -48.80 24.433
6.6636 -43.96 25.737
4.6779 -41.69 25.301
5.3283 -41.55 24.784
7.3320 -42.01 24.194
10.799 -44.37 22.699
14.665 -47.70 20.971
17.303 -50.19 19.834
19.382 -52.60 18.738
21.165 -54.73 17.588
22.779 -57.99 15.897
24.536 -64.05 13.615
25.544 -70.99 10.709
25.465 -77.25 7.1658
24.727 -81.79 3.8601
23.829 -83.98 0.5307
23.352 -84.34 -1.111
23.352 -84.34 -1.111
24.169 -82.42 -3.746
25.202 -80.67 -4.531
25.729 -79.65 -4.800
25.628 -79.39 -5.496
25.225 -79.43 -5.807
23.811 -80.62 -6.378
21.692 -82.87 -7.180
19.797 -85.04 -7.289
18.092 -87.20 -6.983
16.548 -89.22 -6.653
15.905 -90.77 -6.183
16.024 -91.76 -5.487
16.421 -92.07 -5.075
17.367 -91.26 -4.683
18.821 -89.05 -3.805
20.809 -84.90 -2.503
21.903 -82.12 -1.682
21.903 -82.12 -1.682
27.266 -68.64 2.2704
29.646 -57.05 8.1325
30.043 -47.25 12.856
29.302 -38.43 17.657
27.053 -32.01 21.857
23.509 -26.50 25.041
21.319 -24.33 27.416
21.538 -27.26 29.110
23.479 -32.25 29.878
26.716 -36.67 29.809
29.765 -41.14 28.633
31.154 -44.37 27.355
31.816 -48.00 25.634
32.359 -54.04 22.143
32.082 -60.36 17.763
30.986 -65.11 14.021
29.258 -68.78 10.602
27.129 -71.89 7.2770
24.887 -73.99 4.5455
22.448 -75.38 2.2182
21.208 -75.79 1.2397
21.208 -75.79 1.2397
21.083 -74.26 1.7466
22.076 -72.37 3.1983
23.907 -71.01 5.1012
25.666 -70.58 7.0345
27.285 -70.54 8.9038
28.517 -71.30 10.035
29.550 -71.76 10.793
30.898 -70.44 11.933
31.605 -69.29 12.605
31.605 -69.29 12.605
35.244 -53.37 13.523
36.963 -43.33 15.245
36.685 -37.49 16.360
35.147 -33.53 16.118
33.478 -30.33 15.781
29.845 -26.66 15.069
25.506 -25.75 14.109
21.736 -27.62 13.336
18.019 -30.07 13.051
15.586 -34.04 13.723
15.624 -38.69 15.276
17.474 -42.98 17.083
18.795 -45.72 19.199
20.231 -45.22 21.367
22.319 -44.34 23.354
23.996 -45.40 25.496
25.676 -48.35 25.951
27.077 -52.50 24.304
-13.29 89.105 91.432
-13.15 89.857 89.719
-12.19 89.698 88.709
-9.943 89.128 88.428
-6.793 88.139 88.795
-2.897 87.085 89.273
2.3665 86.229 89.576
5.3875 85.838 89.682
5.3875 85.838 89.682
11.644 85.940 89.311
13.284 86.268 89.178
13.520 86.675 89.159
13.305 87.073 89.557
12.778 87.378 90.299
12.066 87.518 91.234
11.389 87.537 91.865
11.088 87.341 91.930
10.893 87.003 91.887
10.459 86.715 91.532
10.200 86.568 91.197
10.200 86.568 91.197
7.9005 85.900 91.252
6.1751 85.368 91.539
4.5751 84.815 92.140
2.7374 84.078 92.967
0.8617 83.337 93.927
-0.956 82.773 94.839
-2.720 82.235 95.690
-4.400 81.690 96.425
-6.032 80.925 97.139
-7.731 79.592 98.043
-9.272 78.289 98.921
-10.81 77.478 99.589
-11.56 77.213 99.994
-11.55 77.753 100.35
-11.40 78.940 100.37
-10.54 80.235 99.918
-9.051 81.676 99.054
-7.575 82.992 97.637
-6.043 84.370 95.195
-4.512 85.955 91.811
-3.308 87.517 88.256
-2.670 88.887 85.368
-2.551 90.063 83.130
-3.106 91.292 81.377
-3.658 91.882 80.708
-3.658 91.882 80.708
-5.482 93.501 80.847
-6.635 94.254 81.411
-7.031 94.399 82.089
-6.717 93.951 82.592
-5.775 93.162 83.045
-4.223 92.449 83.606
-2.745 92.079 83.910
-2.100 92.352 83.876
-2.007 92.620 83.775
-2.119 92.571 83.710
-2.303 92.234 83.621
-2.360 90.959 83.528
-2.497 88.650 83.399
-3.224 85.258 83.161
-3.789 83.187 83.060
-3.789 83.187 83.060
-6.118 78.772 83.407
-7.423 77.378 84.094
-7.799 76.975 84.973
-7.590 76.515 86.082
-6.995 76.414 87.214
-6.081 76.456 88.264
-5.067 76.559 88.865
-4.259 76.895 88.881
-3.614 77.482 88.773
-3.119 78.030 88.701
-2.811 78.784 88.754
-2.640 79.820 89.446
-2.625 81.111 90.730
-2.897 82.682 92.215
-3.618 84.161 93.604
-4.706 85.365 94.533
-5.777 85.868 94.876
-6.439 85.426 94.465
-6.650 84.678 93.425
-5.788 84.230 92.034
-3.816 83.769 90.516
-0.861 82.950 89.081
0.9682 82.448 88.351
0.9682 82.448 88.351
6.0932 80.837 87.434
8.8517 79.807 87.011
9.5955 79.072 86.921
9.4528 78.323 86.284
8.5645 77.753 85.176
6.6754 77.431 84.199
4.4116 77.211 83.221
2.4008 76.963 82.010
0.8579 76.644 81.484
0.0665 76.247 81.705
-0.098 75.630 82.009
-0.127 74.355 83.495
-0.125 73.535 84.745
-0.125 73.535 84.745
-1.910 70.736 88.540
-3.431 69.080 91.248
-4.793 68.535 93.413
-6.249 68.485 95.734
-7.200 68.557 97.471
-7.588 69.779 98.308
-7.759 72.096 98.267
-7.702 74.378 97.321
-7.482 76.649 95.698
-7.295 78.479 94.033
-7.073 80.113 92.522
-6.783 81.751 91.494
-6.530 83.316 91.032
-6.426 84.811 91.151
-6.348 86.280 91.280
-6.196 87.783 91.075
-5.969 89.299 90.683
-5.627 90.912 89.909
-5.284 92.349 88.916
-5.077 93.431 88.033
-4.911 94.166 87.181
-4.655 94.674 86.176
-4.510 94.822 85.647
-4.510 94.822 85.647
-3.875 95.212 84.147
-3.587 95.198 83.448
-3.504 95.095 83.312
-3.462 94.854 83.571
-3.452 94.188 84.308
-3.547 93.154 85.341
-3.679 91.592 86.621
-3.707 89.518 87.916
-3.690 87.080 89.289
-3.445 84.504 90.724
-2.960 82.009 92.053
-2.436 79.847 93.219
-1.938 78.044 94.099
-1.540 76.603 94.632
-1.365 75.429 94.947
-1.940 73.994 95.406
-2.518 73.257 95.682
-2.518 73.257 95.682
-5.469 73.937 96.620
-7.288 75.830 97.359
-8.494 78.789 97.518
-9.641 82.976 96.728
-10.12 87.399 95.402
-9.919 90.964 94.141
-9.325 93.759 93.086
-8.461 95.862 92.343
-7.708 97.199 92.036
-7.417 97.971 92.313
-7.373 98.342 92.907
-7.771 98.652 93.472
-8.364 99.047 93.692
-8.623 100.08 93.357
-8.688 100.76 92.776
-8.644 100.08 92.268
-8.277 98.060 91.597
-7.457 94.952 90.624
-5.865 91.541 89.184
-2.806 88.305 86.536
-0.846 86.728 84.787
-0.846 86.728 84.787
4.9784 85.646 80.140
8.1117 85.699 78.711
10.023 86.041 78.464
12.144 86.612 79.065
13.314 87.674 80.378
13.622 89.930 81.811
13.649 91.399 83.024
12.989 90.980 83.855
12.327 90.564 84.229
12.327 90.564 84.229
9.9018 87.346 85.589
7.9880 85.002 86.718
6.2588 83.228 87.890
4.4002 81.715 89.474
2.6747 80.699 91.043
1.2269 80.109 92.291
-0.074 79.987 93.295
-1.306 80.230 94.197
-2.632 80.746 94.873
-4.232 81.235 95.290
-6.007 81.806 95.624
-7.938 82.360 96.226
-9.763 83.136 96.587
-11.27 84.339 96.496
-12.38 85.733 96.157
-13.15 87.119 95.004
-13.40 88.348 93.148
-13.29 89.105 91.432
-5.315 30.845 20.270
-5.806 29.743 18.846
-5.497 29.884 17.130
-4.460 30.459 15.245
-3.059 32.256 13.201
-1.734 35.307 10.830
-0.542 39.478 7.3001
0.0119 41.959 5.2091
0.0119 41.959 5.2091
-0.162 46.702 -1.817
-0.372 46.621 -6.137
-0.730 46.395 -9.663
-0.759 45.165 -13.28
-0.294 43.015 -16.24
0.4588 40.942 -18.49
1.2538 39.025 -20.06
1.9889 37.453 -21.41
2.3369 36.791 -21.92
1.8460 36.849 -21.35
1.3551 36.907 -20.77
1.3551 36.907 -20.77
-0.272 37.820 -16.36
-1.202 38.366 -13.31
-1.767 38.689 -10.53
-2.201 38.958 -7.136
-2.510 38.988 -3.537
-2.929 38.847 0.0515
-3.304 38.717 3.5792
-3.516 38.630 6.9812
-3.552 38.535 10.233
-3.019 38.322 13.497
-2.035 37.966 16.390
-1.193 37.501 18.721
-0.311 37.108 20.435
0.6213 36.924 21.853
1.4613 37.023 22.394
2.1525 37.467 22.307
2.5713 38.028 21.767
2.6971 38.456 20.533
2.6055 38.838 18.075
1.4772 38.983 14.577
-0.387 38.646 10.351
-1.651 37.439 6.1444
-2.322 35.270 1.8841
-2.195 32.143 -3.516
-1.847 30.249 -6.478
-1.847 30.249 -6.478
-0.162 26.227 -12.50
0.8557 24.687 -14.85
1.5432 24.664 -15.66
2.1989 25.693 -16.68
2.3527 27.886 -17.41
1.8228 30.682 -18.02
0.8850 33.615 -18.55
-0.846 35.717 -19.16
-2.874 37.185 -19.55
-4.134 38.558 -19.71
-4.593 39.120 -19.41
-3.360 39.434 -18.50
-0.533 39.688 -17.00
3.6813 39.161 -14.56
6.3041 38.710 -13.02
6.3041 38.710 -13.02
11.455 36.262 -8.605
13.007 34.376 -5.628
13.507 33.825 -2.757
13.810 34.226 1.1017
13.817 35.495 5.4058
13.837 37.703 9.8771
13.368 40.423 14.028
12.392 43.242 17.591
11.392 46.016 20.139
9.8868 48.256 21.582
7.7059 49.590 21.680
5.4604 50.059 21.337
3.0903 49.590 20.949
0.7873 48.517 20.332
-1.398 46.755 19.057
-3.543 44.485 17.186
-5.208 42.065 14.636
-6.198 39.547 11.662
-6.449 38.274 8.1263
-6.327 38.336 4.2999
-5.473 38.759 0.4355
-3.353 40.883 -4.422
-1.958 42.632 -7.088
-1.958 42.632 -7.088
2.4907 48.393 -12.40
4.8486 51.738 -14.16
5.6216 52.826 -14.84
5.9903 52.406 -15.80
6.6094 50.485 -16.54
7.1149 46.924 -17.09
7.3848 42.497 -17.54
7.7035 38.271 -18.13
7.9856 34.746 -18.29
8.3202 32.360 -17.88
8.4825 31.579 -16.71
9.2201 32.656 -13.35
9.9588 33.731 -10.93
9.9588 33.731 -10.93
14.364 37.034 -1.380
17.817 38.354 5.0668
20.242 39.261 10.127
22.399 39.615 15.704
23.356 39.307 20.338
21.955 38.436 23.859
18.134 36.835 24.981
12.937 35.227 24.547
7.1039 33.596 24.146
1.8814 31.860 23.249
-2.322 30.390 22.030
-5.326 29.299 21.405
-6.324 28.797 20.804
-5.933 28.289 20.210
-4.910 27.324 19.286
-3.464 26.132 17.729
-1.735 24.902 15.636
-0.045 23.933 13.228
1.6103 23.142 10.476
3.3858 22.528 7.5798
4.5507 21.945 4.4682
5.0000 21.231 0.2292
5.1417 20.919 -2.156
5.1417 20.919 -2.156
4.3993 19.645 -8.597
3.9853 18.810 -12.03
3.9755 18.220 -13.96
4.5116 17.754 -15.65
5.4409 17.400 -16.60
6.5117 17.074 -17.09
7.5252 16.658 -17.12
8.2200 15.999 -17.04
8.6096 15.229 -16.74
8.8379 14.499 -16.18
8.9234 13.846 -15.40
8.8330 13.151 -14.50
8.7268 12.811 -13.50
9.1187 13.102 -12.57
10.477 14.071 -11.43
13.385 16.110 -9.365
15.323 17.481 -8.057
15.323 17.481 -8.057
19.591 21.263 -2.685
19.145 22.382 0.5624
18.572 23.328 3.2994
16.204 23.915 6.1313
12.943 24.326 8.9572
10.944 25.344 12.017
9.5314 26.525 15.025
8.5912 27.678 17.942
7.9013 28.675 20.409
7.2786 29.361 22.583
6.1955 29.830 23.442
4.1123 30.224 23.204
1.4125 30.540 22.468
-2.035 31.040 20.988
-4.509 31.142 18.990
-5.148 30.746 17.061
-5.112 30.330 14.680
-3.702 30.111 11.830
-1.299 30.506 8.2970
0.7641 32.554 2.6048
1.7617 34.216 -0.845
1.7617 34.216 -0.845
2.1342 39.272 -11.17
2.3955 42.111 -16.22
2.7313 44.000 -18.71
3.5580 46.309 -20.81
4.0500 47.569 -22.06
3.9292 47.748 -23.42
3.8620 47.757 -24.14
4.5580 46.578 -24.01
5.2577 45.403 -23.77
5.2577 45.403 -23.77
7.7597 41.697 -19.85
9.4069 39.251 -16.59
10.291 37.504 -13.42
10.624 35.800 -9.892
10.106 34.901 -6.248
8.9222 34.729 -2.559
7.2737 34.995 1.1052
5.3554 35.790 4.6081
3.4883 36.664 7.9106
2.0633 37.236 10.997
1.0071 37.284 13.894
0.2745 36.775 16.825
-0.471 35.999 19.317
-1.613 35.162 21.456
-2.834 34.188 22.403
-3.947 33.102 22.339
-4.850 31.957 21.702
-5.315 30.845 20.270
-1.374 -6.926 10.533
1.2888 -7.129 9.6254
3.7635 -6.657 8.4392
6.1199 -6.000 7.1004
8.3548 -5.124 5.6983
10.443 -4.078 4.2422
12.957 -2.638 2.3849
14.277 -1.811 1.3687
14.277 -1.811 1.3687
17.457 0.5716 -1.287
18.872 1.9222 -2.750
19.333 2.7501 -3.782
19.596 3.5180 -4.987
19.558 4.0461 -6.079
19.175 4.3325 -7.052
18.475 4.4128 -7.848
17.818 4.4796 -8.571
17.087 4.4094 -8.904
16.114 3.8801 -8.753
15.575 3.4344 -8.576
15.575 3.4344 -8.576
13.674 1.4932 -6.846
12.499 0.1950 -5.584
11.385 -0.849 -4.373
9.8375 -1.996 -2.875
8.0034 -2.993 -1.235
5.9634 -3.785 0.4771
3.7624 -4.299 2.2171
1.5429 -4.679 3.9208
-0.636 -4.967 5.5364
-2.806 -5.102 7.0723
-4.671 -5.219 8.3864
-6.060 -5.411 9.4365
-7.015 -5.573 10.189
-7.745 -5.895 10.805
-7.922 -6.479 11.033
-7.610 -7.197 10.984
-6.412 -7.940 10.648
-4.460 -8.665 9.9293
-1.451 -9.058 8.5987
2.7123 -8.893 6.7520
7.2839 -8.250 4.6423
11.354 -6.776 2.6184
14.728 -4.408 0.6906
17.737 -1.135 -1.495
19.028 0.8056 -2.632
19.028 0.8056 -2.632
19.519 4.3069 -4.920
18.966 5.3120 -5.901
18.576 5.3945 -6.294
18.658 5.3878 -6.728
19.009 5.2987 -6.992
19.644 4.9766 -7.143
20.486 4.3615 -7.124
21.559 3.6595 -7.026
22.263 2.7312 -6.945
22.431 1.6002 -6.887
22.400 0.4836 -6.838
21.191 -0.700 -6.905
18.703 -1.874 -7.023
15.183 -2.955 -6.877
13.033 -3.451 -6.681
13.033 -3.451 -6.681
7.2642 -3.663 -5.387
4.0022 -3.273 -4.122
1.6031 -2.755 -2.708
-1.239 -2.408 -0.902
-4.053 -2.274 1.0461
-6.930 -2.429 2.9410
-9.527 -2.820 4.7116
-12.04 -3.571 6.3061
-13.13 -4.701 7.6120
-12.92 -6.116 8.6516
-12.64 -7.733 9.4271
-11.41 -8.969 10.092
-9.271 -9.803 10.316
-7.575 -10.36 10.263
-5.443 -10.62 10.194
-2.588 -10.89 9.5843
0.9088 -10.66 8.1400
5.0020 -9.901 6.3331
9.2593 -8.864 4.2493
13.147 -7.363 2.2100
16.470 -5.618 0.2764
19.638 -3.734 -1.816
21.076 -2.747 -2.871
21.076 -2.747 -2.871
23.002 -2.010 -5.129
23.343 -2.374 -6.129
23.455 -2.788 -6.572
23.258 -2.718 -7.101
22.443 -2.332 -7.527
21.013 -1.581 -7.905
19.231 -0.601 -8.205
17.537 0.5282 -8.471
15.818 1.4052 -8.638
14.247 1.6793 -8.612
12.424 1.4241 -8.151
9.3327 0 -6.892
7.4876 -1.195 -6.007
7.4876 -1.195 -6.007
-0.816 -3.585 -2.268
-6.713 -4.053 0.1567
-11.40 -3.198 1.9073
-16.73 -1.610 3.5582
-19.68 0.6485 4.8899
-20.31 3.1692 6.0914
-20.55 4.3983 7.2530
-18.73 4.5833 8.4063
-15.20 4.6925 9.2722
-11.89 4.3938 9.8484
-8.903 3.9180 10.006
-6.909 3.4500 9.9927
-5.691 3.0165 9.9915
-5.077 2.6031 9.8214
-4.693 2.4693 9.2675
-3.920 2.6454 8.4614
-2.959 2.9440 7.3867
-1.926 3.3263 6.1747
-0.774 3.7731 4.8066
0.3384 4.1988 3.3763
1.7586 4.6880 1.8615
4.4030 5.4736 -0.150
6.0488 5.9439 -1.264
6.0488 5.9439 -1.264
10.443 8.1235 -4.083
12.581 9.5655 -5.477
13.003 10.363 -6.243
12.884 10.760 -6.966
12.531 10.781 -7.426
11.555 10.373 -7.779
10.198 9.7482 -7.905
9.0545 9.2657 -7.922
7.9278 8.9369 -7.920
6.8317 8.7464 -7.754
5.7728 8.5737 -7.386
4.8048 8.6116 -6.973
3.6267 8.6060 -6.508
2.1429 8.1725 -6.070
0.1675 7.1407 -5.564
-3.277 4.9621 -4.739
-5.399 3.5224 -4.234
-5.399 3.5224 -4.234
-12.39 -0.088 -2.431
-16.06 -0.668 -1.267
-17.10 -0.339 -0.271
-17.43 0.6920 1.0238
-17.64 1.8030 2.4552
-17.58 2.5574 3.9090
-17.24 2.8883 5.3627
-16.90 2.8750 6.7872
-16.36 2.4861 8.0895
-15.73 1.7740 9.2570
-14.59 0.5884 10.159
-12.70 -1.157 10.858
-10.19 -3.052 11.087
-7.394 -4.730 10.968
-4.253 -5.975 10.439
-1.011 -6.696 9.4576
2.4452 -6.635 7.9288
6.2656 -6.082 6.0104
10.074 -5.412 3.8034
14.197 -3.981 0.9077
16.268 -2.921 -0.720
16.268 -2.921 -0.720
19.574 -0.868 -4.755
19.911 -0.842 -6.804
20.008 -1.110 -7.919
19.406 -2.084 -9.101
18.052 -3.437 -10.02
16.739 -4.597 -10.89
15.160 -5.325 -11.31
12.884 -5.667 -11.39
11.586 -5.821 -11.42
11.586 -5.821 -11.42
6.6883 -4.995 -9.783
3.7712 -4.007 -8.356
1.8637 -3.018 -6.935
0.1883 -2.058 -5.330
-1.035 -1.343 -3.629
-2.007 -1.002 -1.876
-2.776 -1.036 -0.094
-3.518 -1.435 1.6856
-4.285 -2.073 3.4186
-5.244 -2.678 5.0659
-6.237 -3.254 6.6346
-7.395 -3.696 8.2080
-7.969 -4.100 9.5984
-7.868 -4.614 10.953
-7.669 -5.335 11.589
-6.439 -6.155 11.556
-4.040 -6.765 11.433
-1.374 -6.926 10.533
0 11.120 0
0 11.120 0
0 11.120 0
0 11.120 0
0 11.120 0
0 11.120 0
0 11.120 0
0 11.120 0
0 11.120 0
0 11.120 0
0 11.120 0
0 11.120 0
0 11.120 0
0 11.120 0
0 11.120 0
0 11.120 0
0 11.120 0
0 11.120 0
0 11.120 0
0 11.120 0
0 11.120 0
0 11.120 0
0 11.120 0
0 11.120 0
0 11.120 0
0 11.120 0
0 11.120 0
0 11.120 0
0 11.120 0
0 11.120 0
0 11.120 0
0 11.120 0
0 11.120 0
0 11.120 0
0 11.120 0
0 11.120 0
0 11.120 0
0 11.120 0
0 11.120 0
0 11.120 0
0 11.120 0
0 11.120 0
0 11.120 0
0 11.120 0
0 11.120 0
0 11.120 0
0 11.120 0
0 11.120 0
0 11.120 0
0 11.120 0
0 11.120 0
0 11.120 0
0 11.120 0
0 11.120 0
0 11.120 0
0 11.120 0
0 11.120 0
0 11.120 0
0 11.120 0
0 11.120 0
0 11.120 0
0 11.120 0
0 11.120 0
0 11.120 0
0 11.120 0
0 11.120 0
0 11.120 0
0 11.120 0
0 11.120 0
0 11.120 0
0 11.120 0
0 11.120 0
0 11.120 0
0 11.120 0
0 11.120 0
0 11.120 0
0 11.120 0
0 11.120 0
0 11.120 0
0 11.120 0
0 11.120 0
0 11.120 0
0 11.120 0
0 11.120 0
0 11.120 0
0 11.120 0
0 11.120 0
0 11.120 0
0 11.120 0
0 11.120 0
0 11.120 0
0 11.120 0
0 11.120 0
0 11.120 0
0 11.120 0
0 11.120 0
0 11.120 0
0 11.120 0
0 11.120 0
0 11.120 0
0 11.120 0
0 11.120 0
0 11.120 0
0 11.120 0
0 11.120 0
0 11.120 0
0 11.120 0
0 11.120 0
0 11.120 0
0 11.120 0
0 11.120 0
0 11.120 0
0 11.120 0
0 11.120 0
0 11.120 0
0 11.120 0
0 11.120 0
0 11.120 0
0 11.120 0
0 11.120 0
0 11.120 0
0 11.120 0
0 11.120 0
0 11.120 0
0 11.120 0
0 11.120 0
0 11.120 0
0 11.120 0
0 11.120 0
0 11.120 0
0 11.120 0
0 11.120 0
0 11.120 0
0 11.120 0
0 11.120 0
0 11.120 0
0 11.120 0
0 11.120 0
0 11.120 0
0 11.120 0
0 11.120 0
0 11.120 0
0 11.120 0
0 11.120 0
0 11.120 0
0 11.120 0
0 11.120 0
0 11.120 0
0 11.120 0
0 11.120 0
0 11.120 0
0 11.120 0
0 11.120 0
0 11.120 0
0 11.120 0
0 11.120 0
0 11.120 0
0 11.120 0
0 11.120 0
0 11.120 0
0 11.120 0
0 11.120 0
0 11.120 0
0 11.120 0
0 11.120 0
0 11.120 0
0 11.120 0
0 11.120 0
0 11.120 0
0 11.120 0
0 11.120 0
0 11.120 0
0 11.120 0
0 11.120 0
0 11.120 0
0 11.120 0
0 11.120 0
0 11.120 0
0 11.120 0
0 11.120 0
0 11.120 0
0 11.120 0
0 11.120 0
0 11.120 0
0 11.120 0
0 11.120 0
0 11.120 0
0 11.120 0
0 11.120 0
0 11.120 0
0 11.120 0
0 11.120 0
0 11.120 0
3.9904 18.580 171.95
3.8259 18.751 171.16
4.1482 18.989 171.20
4.8218 19.066 171.39
5.7867 18.839 171.95
6.3448 18.400 172.90
6.1947 17.566 174.29
6.0835 17.001 175.13
6.0835 17.001 175.13
2.2652 15.356 177.40
-0.917 14.304 178.79
-3.667 13.445 179.95
-6.265 12.389 181.51
-8.342 11.477 182.95
-9.776 10.756 183.93
-10.71 10.546 184.62
-11.72 10.721 185.29
-12.22 10.860 185.57
-12.15 11.590 185.28
-12.05 12.267 184.99
-12.05 12.267 184.99
-8.711 14.279 182.91
-6.537 15.304 181.90
-4.639 15.859 181.15
-2.104 16.360 179.86
0.1632 16.685 178.69
1.8006 16.956 178.02
2.4075 17.053 177.84
1.9140 16.941 178.34
0.8957 16.545 179.12
-0.378 15.891 179.55
-1.185 15.121 179.69
-1.268 14.514 179.56
-1.265 14.099 178.99
-0.119 13.706 177.81
1.6294 13.301 176.52
2.6398 12.852 175.49
3.0222 12.617 175.05
2.8132 12.669 175.17
1.5094 13.005 175.98
-1.259 13.674 178.20
-4.438 14.623 180.81
-6.887 15.777 182.63
-8.751 16.865 183.51
-10.18 17.709 183.71
-10.70 18.052 183.74
-10.70 18.052 183.74
-9.311 17.326 182.38
-8.367 16.490 182.29
-8.086 15.616 182.24
-8.609 14.720 182.96
-9.132 13.814 184.12
-9.244 12.973 184.65
-9.336 12.254 185.04
-9.458 11.626 185.49
-9.643 11.189 185.99
-9.893 10.929 186.60
-10.17 10.894 187.29
-10.47 11.039 188.04
-10.72 11.343 188.76
-10.87 11.843 189.46
-10.91 12.158 189.80
-10.91 12.158 189.80
-10.07 13.123 189.61
-8.068 13.704 188.11
-5.581 14.029 185.53
-2.871 14.264 182.73
-0.620 14.197 179.93
0.5623 13.804 177.71
0.7601 13.180 175.98
0.1565 12.389 174.56
-0.872 11.625 173.72
-1.950 11.034 173.47
-2.545 10.789 173.25
-1.955 10.692 172.58
-0.243 10.423 171.62
2.4597 10.161 170.07
5.2154 10.156 169.12
7.0551 10.371 169.14
7.7887 10.947 169.31
7.1184 11.951 171.10
5.3432 13.195 174.47
3.1089 14.472 177.84
0.7135 15.584 181.12
-1.655 16.408 184.22
-2.828 16.720 185.68
-2.828 16.720 185.68
-1.728 16.227 186.94
1.0702 15.135 186.18
4.1138 13.728 184.69
6.2302 12.214 183.39
7.9677 10.606 181.90
9.7585 8.9428 180.08
11.228 7.4493 178.36
12.123 6.2372 177.20
12.887 5.5045 176.17
14.299 5.0650 174.83
15.125 4.8951 173.47
14.413 6.8349 172.05
13.700 8.7763 171.35
13.700 8.7763 171.35
7.8054 15.211 171.09
4.2260 17.409 171.20
3.1323 17.809 171.18
3.4446 17.064 170.81
4.6296 15.494 170.19
7.3352 13.679 169.42
9.0848 12.154 168.94
8.9136 11.368 169.54
8.5368 11.162 170.90
7.4852 11.335 172.48
6.3192 11.570 173.88
5.8601 11.820 174.53
5.8234 12.106 174.65
6.2969 12.282 174.26
6.9672 12.451 173.59
7.2440 12.737 173.14
7.3196 13.013 172.75
7.0639 13.232 172.28
6.0702 13.440 172.05
4.4573 13.654 172.36
2.4253 13.911 172.88
-0.209 14.277 173.35
-1.704 14.492 173.59
-1.704 14.492 173.59
-3.568 14.027 172.13
-3.785 13.323 171.38
-3.888 12.759 170.97
-3.462 12.347 170.52
-2.689 12.138 170.34
-2.228 12.299 170.60
-1.724 12.710 170.86
-1.092 13.068 170.79
-0.266 13.521 170.60
0.8646 14.062 170.26
2.0418 14.740 170.06
3.1767 15.506 170.32
3.8114 16.480 171.22
3.7458 17.710 172.74
3.2890 19.021 174.61
2.3997 20.564 176.91
1.8039 21.388 178.18
1.8039 21.388 178.18
1.6105 22.383 180.62
2.3897 22.224 181.05
3.9092 21.803 181.09
5.3876 21.252 180.98
6.6694 20.599 180.87
7.3385 19.962 181.01
7.6275 19.325 181.15
7.7509 18.693 181.09
7.7932 18.142 180.97
7.9265 17.669 180.52
8.1945 17.439 179.83
8.6290 17.549 179.26
9.3005 18.028 178.71
10.485 18.731 178.04
11.311 19.758 177.72
11.350 21.045 177.86
10.519 22.477 178.32
7.6975 24.159 179.79
3.3257 25.634 181.72
-2.121 26.717 183.25
-5.246 27.199 183.93
-5.246 27.199 183.93
-9.525 26.240 182.97
-9.437 24.952 181.63
-8.735 23.843 180.11
-7.137 22.805 178.30
-6.073 22.168 177.10
-6.235 21.955 176.83
-6.885 22.018 176.78
-8.482 22.556 177.25
-9.562 23.017 177.72
-9.562 23.017 177.72
-9.787 24.987 178.19
-8.750 26.190 178.24
-7.760 27.086 178.27
-7.712 28.227 178.98
-8.400 28.871 180.59
-10.12 28.986 182.68
-12.12 28.558 184.85
-13.84 27.336 186.86
-14.74 25.796 187.75
-14.11 24.449 187.55
-11.93 23.145 186.65
-8.691 21.946 184.70
-4.945 20.869 182.03
-1.538 19.812 179.21
1.2703 19.022 176.51
3.3813 18.550 174.33
4.1560 18.411 172.73
3.9904 18.580 171.95
1.4015 42.743 -23.10
1.6956 41.653 -19.44
2.6954 40.669 -15.75
4.2801 39.565 -12.05
6.4622 38.201 -8.288
8.8684 36.572 -4.713
11.561 34.141 -0.645
12.980 32.708 1.4435
12.980 32.708 1.4435
13.917 28.438 5.6243
13.064 26.160 7.4306
12.419 24.429 8.1668
11.842 22.710 9.0611
11.410 21.427 9.7016
11.069 20.602 10.183
10.799 20.427 10.527
10.564 20.786 10.972
10.163 21.583 11.197
9.2375 22.954 10.558
8.6307 23.830 9.9262
8.6307 23.830 9.9262
7.3213 26.593 6.1731
6.7906 28.302 3.4548
6.5206 29.676 1.0960
6.1598 31.302 -1.202
5.6823 32.945 -3.940
4.9786 34.618 -7.503
4.0747 36.150 -12.03
2.9946 37.452 -17.69
1.8770 38.466 -23.66
0.8125 39.194 -29.30
0.0118 39.703 -33.84
-0.379 40.206 -36.92
-0.392 40.519 -37.91
-0.072 40.579 -37.09
0.4414 40.431 -34.92
0.7416 39.941 -32.18
0.9355 39.130 -28.63
1.1107 38.344 -24.67
1.3379 37.607 -20.20
1.6340 37.024 -15.73
2.1866 36.637 -10.54
3.1510 36.662 -4.320
4.5553 37.024 2.8144
6.8104 37.480 12.927
8.1866 37.768 18.742
8.1866 37.768 18.742
11.920 37.480 31.396
13.588 36.473 35.333
14.255 35.095 35.831
14.625 33.224 35.311
14.553 31.127 34.300
14.376 29.097 33.339
13.860 27.196 32.126
13.130 25.399 30.568
12.390 23.883 28.795
11.694 22.722 27.071
11.065 22.118 25.204
10.489 21.973 23.150
9.8641 22.166 20.980
9.0269 23.007 18.114
8.5827 23.699 16.512
8.5827 23.699 16.512
7.1909 26.176 11.580
6.3829 27.784 8.7936
5.4728 29.157 5.9836
3.9287 30.839 1.5314
2.0052 32.501 -4.076
-0.159 34.051 -10.79
-2.302 35.353 -17.59
-4.211 36.316 -23.65
-5.620 36.994 -28.24
-6.403 37.556 -31.02
-6.509 37.902 -31.72
-6.067 38.120 -30.76
-5.258 38.109 -28.33
-4.395 37.881 -25.37
-3.522 37.558 -21.70
-3.004 36.996 -17.67
-2.578 36.123 -13.37
-2.016 35.224 -9.185
-1.169 34.261 -4.943
0.0504 33.360 -0.708
1.7331 32.390 3.6736
4.5720 30.908 9.6997
6.3151 30.042 13.066
6.3151 30.042 13.066
12.376 27.194 22.452
16.336 25.367 27.774
19.062 24.060 31.277
21.227 22.791 34.518
22.751 21.908 37.490
24.186 21.466 40.888
25.159 21.613 44.274
25.757 22.127 47.565
26.140 22.959 50.310
26.463 24.256 52.550
25.646 25.510 53.651
21.367 27.381 50.406
18.019 28.729 46.862
18.019 28.729 46.862
4.0059 32.802 29.137
-2.166 34.595 18.110
-7.863 37.551 6.8116
-10.55 39.540 -3.131
-10.91 40.759 -11.21
-9.541 41.503 -17.16
-7.352 41.876 -21.45
-5.514 42.102 -25.26
-3.866 42.116 -28.13
-2.545 42.033 -30.46
-1.595 41.782 -32.04
-0.986 41.429 -33.20
-0.643 40.855 -33.56
-0.404 40.070 -33.18
-0.177 39.035 -31.35
0.2067 37.823 -28.11
0.6770 36.434 -23.73
1.2107 34.929 -18.87
1.7299 33.408 -13.78
2.0708 31.934 -9.202
2.4785 30.666 -4.555
3.4012 29.542 2.0664
3.9913 29.054 5.8157
3.9913 29.054 5.8157
6.8719 28.388 18.520
8.8215 28.238 25.327
10.342 28.319 29.139
11.920 28.401 32.732
13.182 28.554 34.052
14.068 28.637 33.997
14.503 28.957 33.983
14.789 29.602 34.319
15.127 30.457 34.897
15.329 31.572 35.577
15.357 32.892 35.973
15.449 34.213 35.862
15.378 35.551 35.098
15.068 36.853 33.368
14.485 38.100 30.556
13.356 39.588 26.036
12.630 40.369 23.245
12.630 40.369 23.245
10.665 41.996 14.815
9.7067 42.715 10.404
9.0613 43.130 7.4345
8.2189 43.696 3.9274
7.2639 44.307 0.3871
6.0879 45.017 -3.545
4.8816 45.740 -7.247
3.7734 46.441 -10.34
2.8830 47.026 -12.70
2.2137 47.466 -14.57
1.9875 47.676 -15.26
2.0792 47.717 -14.90
2.2596 47.669 -13.76
2.4827 47.574 -12.12
2.7308 47.420 -9.960
2.9175 47.116 -7.544
2.9956 46.526 -4.935
2.9237 45.777 -2.651
2.9008 44.786 0.2465
3.2365 43.194 5.8977
3.4971 42.231 9.4478
3.4971 42.231 9.4478
5.6261 39.201 21.904
7.0960 37.475 28.264
8.1345 36.339 31.453
9.1332 35.137 34.022
9.4429 34.314 34.725
9.1395 33.680 34.200
8.6620 33.501 32.775
7.5423 34.014 30.271
6.7249 34.406 28.658
6.7249 34.406 28.658
2.7965 36.123 22.581
0.2067 37.549 18.668
-1.778 39.222 14.587
-3.834 41.611 8.6413
-5.520 44.309 1.2521
-7.127 47.238 -7.632
-7.566 49.503 -16.61
-7.089 50.752 -24.33
-6.820 51.459 -30.85
-6.125 51.597 -37.34
-4.807 51.148 -40.32
-3.411 50.173 -40.22
-2.069 48.754 -39.62
-0.991 47.457 -37.53
-0.123 46.173 -34.09
0.6363 44.984 -30.56
1.1784 43.851 -26.76
1.4015 42.743 -23.10
62.637 89.953 187.86
57.812 88.426 185.98
53.422 86.581 183.80
49.507 84.362 181.40
45.965 81.879 178.88
42.991 79.341 176.47
40.011 76.435 173.92
38.607 74.914 172.64
38.607 74.914 172.64
36.993 72.310 170.54
37.653 71.937 170.13
39.848 71.459 169.45
43.047 71.003 168.57
47.405 70.822 167.86
52.408 70.992 167.45
58.103 71.519 167.48
64.125 72.365 167.98
70.379 73.513 168.85
78.325 75.155 170.30
82.673 76.776 171.85
82.673 76.776 171.85
86.460 -120.4 -25.18
81.351 -113.4 -17.96
78.935 -112.6 -16.86
76.789 -111.9 -15.72
76.154 -111.8 -15.33
76.926 -111.1 -14.44
79.298 -109.8 -12.69
82.636 -108.1 -10.57
87.087 -100.1 -2.057
87.531 49.092 147.92
81.787 61.643 161.06
75.753 64.785 164.92
69.588 67.004 168.01
63.519 69.064 170.74
57.706 70.789 173.07
52.175 71.904 174.88
47.300 72.832 176.05
43.121 75.051 177.85
40.074 77.995 180.04
37.984 80.593 181.50
37.341 82.044 181.81
37.723 82.203 181.22
38.911 82.247 180.65
41.284 81.862 179.49
42.850 81.434 178.69
42.850 81.434 178.69
48.691 75.403 172.18
52.284 71.074 167.54
55.370 68.992 165.08
59.109 68.471 164.05
63.084 69.168 164.39
67.198 70.574 165.58
71.386 73.480 168.20
75.524 78.479 173.11
79.395 87.663 182.50
82.637 105.52 200.64
84.359 138.12 233.69
83.749 174.52 270.60
81.826 -163.5 -66.97
79.226 -148.4 -51.21
77.823 -142.9 -45.40
77.823 -142.9 -45.40
75.940 -128.3 -30.29
75.551 -121.2 -22.89
76.009 -115.0 -16.81
76.798 -106.7 -8.434
77.897 -97.61 0.7273
79.106 -87.66 10.850
80.751 -79.83 18.754
82.801 -73.58 25.153
85.087 -61.05 38.017
86.905 -27.44 71.896
86.749 34.382 134.04
84.378 80.681 180.61
80.280 100.85 200.54
75.675 108.20 207.06
71.593 107.94 206.44
68.274 103.63 201.79
65.011 100.22 197.60
61.681 97.913 194.76
58.579 95.803 192.18
55.970 91.612 187.66
53.694 85.790 182.00
50.846 79.099 175.98
49.247 75.534 172.79
49.247 75.534 172.79
45.963 72.722 170.74
44.931 72.354 170.57
44.783 72.305 170.54
45.574 72.986 171.01
48.159 74.886 172.59
51.893 77.819 175.24
56.841 82.049 179.05
62.352 87.707 184.60
68.399 95.605 192.79
74.419 107.71 205.29
79.804 130.44 228.50
81.956 -169.7 -71.23
79.430 -142.0 -43.21
79.430 -142.0 -43.21
69.105 -113.2 -14.28
63.499 -106.7 -7.780
60.862 -103.2 -4.721
58.490 -99.99 -1.777
57.768 -97.33 0.6229
58.514 -94.79 3.0562
60.973 -92.53 5.3851
64.494 -90.57 7.5602
69.169 -87.58 11.119
74.567 -84.59 14.810
80.847 -81.72 18.172
87.413 -66.30 34.029
85.352 82.697 183.21
78.381 89.118 189.52
71.654 89.986 190.14
65.356 89.525 189.33
59.904 88.454 187.79
55.284 86.531 185.58
51.993 83.807 182.66
49.862 80.983 179.77
49.232 78.050 176.79
50.542 74.573 173.11
51.875 72.502 170.95
51.875 72.502 170.95
58.433 68.668 166.29
63.329 67.663 164.67
67.950 68.454 165.09
73.393 69.976 166.29
79.050 74.650 170.72
84.481 89.953 186.02
86.974 166.81 263.24
83.015 -146.4 -49.49
78.494 -137.0 -39.46
74.441 -133.7 -35.32
71.439 -132.3 -33.16
69.436 -131.5 -31.71
68.830 -131.5 -31.28
69.271 -130.8 -30.54
70.617 -129.3 -28.78
73.252 -126.0 -25.48
74.949 -123.0 -22.58
74.949 -123.0 -22.58
80.666 -110.3 -10.00
83.914 -94.54 5.7256
86.234 -70.74 29.553
86.842 -10.77 89.484
84.654 29.169 129.29
81.485 43.895 143.82
78.203 52.129 151.48
74.979 57.600 155.66
71.691 61.489 158.18
68.156 64.411 160.01
64.778 66.444 161.49
61.594 67.647 162.94
59.272 68.267 163.94
58.149 68.597 164.33
57.990 68.646 164.38
58.577 68.553 164.17
60.232 68.223 163.59
62.383 67.509 162.49
65.267 66.812 161.54
69.862 67.707 162.20
72.651 69.113 163.35
72.651 69.113 163.35
81.218 87.580 182.16
84.778 125.78 220.90
84.611 173.06 268.90
81.563 -154.7 -58.28
78.222 -137.8 -40.59
74.895 -126.0 -28.19
71.589 -117.8 -19.73
67.800 -109.2 -10.86
65.741 -105.2 -6.830
65.741 -105.2 -6.830
61.470 -97.06 1.0953
60.076 -94.17 3.7537
59.830 -93.30 4.6216
60.191 -92.81 5.3027
61.488 -92.27 5.8080
63.388 -91.57 6.6539
66.056 -90.98 7.5822
69.206 -90.82 8.0820
72.976 -91.43 7.7854
77.121 -93.80 5.6762
81.650 -99.85 -0.228
86.125 -120.6 -20.95
87.025 142.50 242.00
82.508 109.99 209.16
77.510 100.35 199.32
72.460 95.161 193.85
67.431 92.200 190.47
62.637 89.953 187.86
-2.940 -29.97 73.139
6.7238 -30.27 80.085
12.774 -34.13 81.640
16.184 -40.39 80.479
17.975 -46.96 79.064
18.138 -53.29 77.374
17.611 -59.32 75.775
17.007 -62.12 75.100
17.007 -62.12 75.100
16.091 -67.33 76.407
15.954 -69.53 78.038
16.458 -70.63 80.047
17.416 -72.32 82.721
18.665 -73.55 85.135
20.146 -73.97 86.615
21.311 -73.39 87.279
21.988 -72.15 87.587
22.525 -70.52 87.171
21.615 -67.42 84.541
20.421 -65.34 82.326
20.421 -65.34 82.326
11.800 -60.90 79.491
4.4569 -59.71 78.945
-3.304 -60.40 78.708
-12.72 -61.04 76.752
-22.58 -63.68 75.181
-31.24 -70.00 76.450
-39.74 -77.32 79.102
-46.57 -89.87 86.772
-50.52 -103.3 96.402
-52.95 -113.3 103.48
-54.54 -124.2 111.49
-54.77 -130.2 118.97
-55.62 -132.2 121.29
-57.66 -123.3 116.39
-59.43 -102.3 101.89
-59.50 -75.30 80.787
-52.12 -49.09 60.457
-40.80 -34.54 48.504
-27.98 -24.77 41.607
-14.14 -19.36 38.339
-1.717 -18.81 37.421
8.5437 -22.12 38.539
18.831 -25.36 39.090
25.232 -32.62 45.150
32.307 -39.55 50.621
32.307 -39.55 50.621
38.214 -57.20 62.337
38.479 -62.65 64.162
38.869 -68.09 65.945
38.307 -71.07 68.380
37.426 -72.72 71.443
36.484 -74.04 75.186
35.555 -74.69 79.113
34.597 -74.84 83.558
33.511 -74.11 86.604
32.285 -72.91 87.938
30.325 -70.91 89.515
27.442 -67.83 84.973
23.412 -64.65 73.749
18.224 -62.41 62.499
13.543 -59.24 51.334
13.543 -59.24 51.334
3.5565 -60.29 45.874
-1.947 -61.50 44.459
-6.127 -62.61 44.621
-11.39 -64.43 45.096
-16.39 -65.42 45.701
-22.20 -65.33 46.716
-25.30 -65.44 45.377
-24.40 -57.75 37.097
-20.73 -43.78 26.035
-15.32 -33.01 17.885
-8.643 -23.38 11.085
-4.527 -14.72 6.6182
-0.942 -8.262 5.2787
4.5208 -4.610 7.4553
8.6203 -3.923 10.512
9.3675 -4.408 16.610
9.9071 -6.140 27.564
15.411 -10.45 41.428
21.790 -13.38 55.369
27.780 -24.19 68.083
30.411 -38.96 75.786
28.307 -50.35 79.631
26.886 -61.65 83.796
26.886 -61.65 83.796
20.708 -69.59 95.727
18.348 -72.51 107.11
17.822 -72.99 117.17
17.439 -72.95 125.09
17.055 -72.97 132.99
16.567 -71.92 136.39
15.564 -69.60 138.67
13.320 -66.40 137.59
10.178 -62.84 131.42
6.8260 -59.23 123.98
2.9595 -56.80 113.32
-0.929 -56.16 99.178
-4.556 -54.57 84.881
-4.556 -54.57 84.881
-14.11 -55.53 59.150
-19.44 -57.92 51.966
-25.00 -59.65 44.772
-30.16 -61.91 39.868
-34.08 -63.48 36.281
-36.62 -62.71 31.987
-37.71 -59.00 28.169
-37.29 -52.78 24.037
-33.93 -46.31 19.732
-27.76 -42.50 18.236
-20.09 -40.54 18.203
-12.22 -39.96 17.690
-5.740 -39.32 17.469
-2.682 -36.61 18.225
-0.887 -33.56 19.813
1.7718 -31.17 21.844
4.9103 -30.53 25.527
8.9428 -31.76 30.745
13.524 -34.89 38.512
18.211 -40.79 49.725
21.841 -48.04 60.095
23.821 -55.81 67.635
24.159 -59.82 70.644
24.159 -59.82 70.644
25.379 -68.26 79.394
25.551 -72.57 85.875
25.628 -74.88 91.098
26.177 -77.05 95.332
26.350 -78.16 99.259
25.970 -78.67 103.52
25.638 -79.04 106.64
24.795 -79.01 109.23
23.147 -78.37 111.25
21.139 -77.67 112.76
18.559 -76.66 113.63
15.702 -75.52 113.08
12.119 -74.06 109.91
7.6976 -72.17 104.36
2.4071 -70.64 96.920
-5.127 -70.57 86.820
-9.351 -71.27 81.192
-9.351 -71.27 81.192
-19.14 -73.47 60.219
-22.87 -73.48 49.104
-26.52 -72.70 37.675
-29.24 -71.32 28.476
-31.23 -69.52 21.439
-32.59 -68.26 16.529
-33.35 -65.10 13.531
-31.41 -57.32 14.044
-26.99 -49.23 19.402
-23.97 -43.61 25.273
-21.95 -39.73 31.166
-21.28 -38.13 34.931
-20.60 -36.56 38.166
-15.21 -32.96 43.038
-5.693 -30.19 48.428
3.9876 -28.62 52.566
13.684 -29.19 55.969
22.250 -31.91 58.307
29.507 -36.27 59.587
36.113 -43.99 60.711
38.770 -49.11 60.646
38.770 -49.11 60.646
39.526 -60.53 62.407
37.467 -64.32 66.706
35.012 -65.85 72.442
29.399 -66.42 82.321
23.939 -68.00 91.773
18.799 -70.19 91.508
14.645 -70.46 83.833
10.564 -65.92 50.168
8.2819 -62.50 22.929
8.2819 -62.50 22.929
5.6670 -57.35 -7.419
3.1830 -55.11 -19.98
0.0795 -53.84 -24.28
-4.703 -52.37 -28.00
-10.02 -50.99 -29.33
-14.41 -49.17 -30.76
-19.36 -47.74 -30.19
-26.34 -47.65 -24.94
-32.95 -47.96 -16.71
-37.76 -47.40 -10.39
-40.39 -46.51 -3.163
-40.99 -45.86 7.6282
-41.65 -45.36 18.517
-38.88 -41.11 27.801
-31.71 -35.29 37.334
-22.74 -30.53 51.518
-12.51 -28.48 65.955
-2.940 -29.97 73.139
-34.68 6.4937 -14.63
-27.86 3.7523 -8.859
-11.35 -7.062 1.7449
6.5915 -14.60 9.0160
10.117 -25.11 12.062
12.991 -37.82 12.284
9.9611 -55.28 12.435
7.1059 -72.58 13.492
7.1059 -72.58 13.492
-1.281 -97.20 13.880
5.0589 -114.5 18.991
9.9557 -124.4 23.739
10.276 -125.8 24.157
10.594 -127.3 24.560
11.647 -121.1 23.910
12.910 -109.1 22.395
13.433 -98.99 20.738
13.039 -88.66 18.673
10.965 -78.93 16.458
9.2877 -69.21 13.940
9.2877 -69.21 13.940
4.5256 -47.50 9.4692
1.1183 -36.07 6.9918
-1.262 -29.35 5.8487
-4.543 -23.27 3.7389
-8.004 -20.80 2.5254
-10.37 -20.55 1.7399
-13.59 -20.53 -0.254
-18.96 -20.40 -3.134
-25.45 -20.22 -7.162
-32.58 -19.79 -12.47
-38.66 -19.58 -17.81
-41.31 -22.02 -20.10
-43.11 -26.35 -21.84
-47.63 -30.98 -27.54
-50.92 -33.92 -30.99
-51.89 -31.48 -32.21
-52.55 -23.17 -36.26
-44.56 -10.04 -27.71
-38.04 3.1023 -17.93
-33.92 15.651 -12.19
-31.09 21.227 -10.10
-28.74 14.424 -8.612
-26.27 7.8180 -7.479
-22.53 -4.745 -4.685
-18.30 -16.83 -2.882
-18.30 -16.83 -2.882
-23.48 -42.97 -4.302
-22.79 -58.05 -1.623
-21.48 -72.94 0.7529
-21.29 -84.64 3.0188
-20.19 -93.15 4.7661
-16.79 -100.1 7.0723
-15.03 -103.1 8.9002
-14.66 -101.0 8.7692
-13.88 -95.82 8.1499
-13.84 -89.67 7.3442
-11.94 -82.41 6.7954
-5.970 -75.63 8.2053
1.8886 -68.36 10.702
9.4574 -59.72 12.173
16.700 -50.63 14.847
16.700 -50.63 14.847
-4.775 -29.68 4.2978
-13.85 -20.64 -1.523
-19.83 -19.34 -3.713
-27.54 -21.71 -8.154
-33.55 -28.73 -12.49
-34.75 -39.61 -12.19
-35.87 -50.71 -11.61
-37.04 -67.80 -8.980
-36.86 -78.23 -7.424
-35.21 -77.66 -6.437
-33.57 -77.04 -5.455
-33.46 -65.19 -7.318
-33.02 -53.33 -9.116
-36.34 -40.73 -13.58
-38.50 -26.42 -17.03
-28.86 -12.28 -11.51
-20.62 1.7633 -4.020
-9.512 -2.483 2.0420
1.9910 -5.493 7.2133
3.2273 -16.29 8.6736
5.0158 -32.53 8.6836
-0.478 -48.25 6.8810
-6.259 -63.86 6.6242
-6.259 -63.86 6.6242
-17.34 -91.79 5.8790
-16.77 -101.4 7.5004
-16.65 -102.8 8.1097
-15.13 -100.7 8.5527
-12.40 -95.48 8.7542
-10.08 -88.87 8.6635
-8.044 -81.04 8.3060
-6.663 -73.45 7.7118
-5.575 -65.34 7.1176
-4.282 -56.84 6.6695
-2.555 -47.71 6.4731
0.1648 -37.78 6.7803
2.8017 -27.78 7.5557
2.8017 -27.78 7.5557
-5.742 -16.49 3.5526
-18.02 -21.08 -1.689
-28.41 -32.46 -8.391
-30.55 -44.81 -8.587
-32.67 -57.48 -8.240
-33.02 -68.08 -6.729
-33.87 -73.33 -6.331
-35.72 -74.60 -7.117
-36.51 -75.13 -7.787
-37.81 -72.64 -9.559
-40.21 -66.59 -12.23
-38.24 -57.70 -12.19
-32.18 -46.23 -9.519
-26.68 -34.82 -7.585
-21.62 -23.69 -4.609
-16.59 -13.21 -2.404
-12.01 -2.717 0.6673
-8.462 3.5274 3.0390
-6.148 5.3844 4.0007
-4.529 2.3106 4.2273
-4.818 -7.066 4.0813
-7.183 -24.03 3.0138
-9.763 -41.14 2.6815
-9.763 -41.14 2.6815
-14.59 -75.30 4.4690
-14.22 -88.09 6.9414
-13.32 -100.7 9.2577
-10.76 -109.4 11.584
-9.138 -112.7 13.155
-8.368 -111.3 13.306
-6.983 -107.3 13.165
-6.030 -101.7 12.717
-4.896 -94.99 11.951
-3.662 -88.67 11.332
-1.386 -81.59 11.256
3.0522 -73.44 11.765
8.2587 -64.52 12.868
14.828 -54.04 14.298
17.712 -46.28 14.882
15.765 -41.15 13.860
14.887 -38.65 13.124
14.887 -38.65 13.124
1.6301 -41.46 7.7672
-4.136 -48.22 5.9696
-5.636 -57.10 6.0854
-7.705 -62.02 5.6675
-8.979 -65.36 5.6171
-9.588 -68.63 5.7833
-9.776 -71.06 6.0451
-10.01 -72.84 6.1861
-10.13 -73.75 6.2768
-10.10 -74.12 6.3422
-10.19 -74.24 6.3170
-12.21 -72.67 5.1790
-14.85 -69.25 3.4518
-14.48 -65.42 3.0944
-12.19 -61.07 3.5929
-10.33 -56.75 3.9101
-7.250 -53.82 5.0028
-1.480 -51.73 7.2738
2.0395 -50.74 8.7189
-0.944 -61.98 8.5276
-3.929 -73.28 8.9203
-3.929 -73.28 8.9203
-14.44 -105.3 9.5397
-10.94 -114.5 11.402
-10.31 -116.0 13.215
-12.61 -110.5 11.392
-14.74 -104.8 9.3181
-19.50 -92.18 7.8679
-15.94 -78.32 4.3129
9.3631 -62.93 9.7210
27.191 -52.47 19.731
27.191 -52.47 19.731
13.675 -30.71 12.218
9.0453 -35.30 11.105
4.6710 -44.30 9.2627
-1.327 -55.04 7.9837
-6.959 -66.08 6.6091
-11.55 -72.69 5.1941
-16.28 -79.30 4.3029
-17.49 -79.62 3.5677
-18.70 -77.66 2.8879
-18.78 -71.62 1.7952
-18.12 -61.16 0.7428
-17.33 -48.60 0.0177
-17.75 -35.01 -1.769
-23.51 -20.63 -5.581
-30.99 -6.431 -11.48
-37.59 5.3453 -18.19
-41.19 10.388 -21.37
-34.68 6.4937 -14.63
-22.14 19.637 -150.7
-18.09 21.557 -156.4
-11.26 12.208 -144.4
-2.762 4.6039 -133.7
12.860 -6.294 -123.6
26.971 -8.656 -112.0
32.994 7.6913 -95.54
34.412 26.107 -76.97
34.412 26.107 -76.97
21.408 55.230 -44.04
15.340 45.439 -51.09
-0.444 29.603 -64.76
-23.76 18.584 -68.11
-47.23 5.7058 -66.15
-54.37 -16.74 -48.51
-56.08 -44.57 -25.38
-51.42 -60.33 -13.69
-46.45 -67.30 -14.11
-37.81 -62.50 -26.07
-30.55 -56.75 -32.52
-30.55 -56.75 -32.52
-5.098 -47.68 -46.78
11.138 -44.54 -51.16
21.593 -40.86 -51.93
29.681 -35.69 -51.36
37.657 -29.90 -49.83
42.579 -22.04 -52.29
47.735 -13.74 -53.95
52.435 -4.773 -58.18
53.596 1.2000 -67.76
41.256 -0.949 -92.22
29.274 3.1583 -112.6
13.000 3.2074 -131.7
-2.456 8.5423 -150.4
-9.297 11.187 -155.1
-12.36 12.491 -156.6
-15.54 14.040 -158.1
-17.48 15.344 -158.6
-18.69 16.490 -158.4
-19.28 17.515 -157.2
-19.79 18.944 -156.6
-19.08 20.172 -153.4
-8.355 19.419 -144.4
8.7071 22.501 -127.5
21.827 30.634 -102.0
29.851 45.188 -72.24
29.851 45.188 -72.24
20.802 52.519 -34.33
14.899 50.141 -21.97
9.6267 46.584 -9.670
-0.753 29.210 -15.80
-12.51 12.568 -18.63
-38.63 -9.829 -12.46
-54.42 -42.34 7.8333
-46.38 -61.23 12.898
-37.74 -76.77 13.802
-32.72 -79.17 2.5702
-28.16 -82.53 -8.397
-61.50 -93.64 -12.33
-4.092 -52.96 -31.28
7.3880 -32.60 -50.28
24.288 -15.84 -65.20
24.288 -15.84 -65.20
52.752 -11.92 -80.43
67.515 -5.754 -78.68
71.981 -4.603 -76.41
54.572 -10.09 -89.14
20.323 2.1873 -94.27
-2.641 12.677 -104.3
-22.90 28.267 -119.6
-26.39 22.888 -110.1
-25.94 14.864 -95.27
-25.19 5.7167 -86.33
-23.20 -3.092 -77.74
-24.46 -2.858 -80.62
-26.33 -0.578 -87.91
-29.36 2.5474 -97.47
-32.64 7.3368 -106.7
-35.38 15.115 -112.8
-33.23 23.794 -116.9
-22.97 30.247 -104.1
-14.22 38.566 -90.92
-5.837 46.126 -63.67
-1.785 51.074 -35.58
-1.932 52.857 -19.69
-2.558 54.521 -3.861
-2.558 54.521 -3.861
-6.218 31.414 -28.57
-22.70 10.216 -45.33
-41.04 -11.60 -47.77
-51.23 -30.25 -38.97
-58.37 -55.98 -22.52
-59.18 -52.17 -30.12
-59.82 -42.82 -42.56
-58.14 -31.54 -58.88
-55.00 -22.29 -73.35
-53.43 -19.05 -81.28
-50.95 -14.70 -86.69
-32.55 -22.31 -81.91
-13.80 -27.38 -80.26
-13.80 -27.38 -80.26
37.566 -45.93 -88.22
52.292 -45.63 -92.37
66.935 -47.78 -98.60
77.330 -34.03 -90.42
80.379 -14.46 -74.04
70.594 -24.82 -86.37
44.792 -24.09 -89.49
10.908 -20.95 -89.11
-22.90 -17.84 -90.59
-41.47 -13.81 -89.72
-60.10 -8.280 -91.01
-58.55 -6.207 -88.40
-50.09 -0.485 -87.07
-26.16 -0.059 -85.44
-6.700 -2.378 -81.85
-4.876 -2.427 -91.47
-3.497 -1.745 -101.1
1.9002 7.6968 -83.69
7.6970 16.991 -49.35
9.3592 17.406 -18.41
10.576 18.617 12.628
3.5360 27.421 7.7449
-2.675 36.820 1.8220
-2.675 36.820 1.8220
-8.423 55.879 -28.59
-19.18 36.613 -42.41
-33.66 18.661 -52.76
-44.26 -9.344 -46.16
-50.69 -44.16 -31.43
-47.08 -42.43 -39.05
-42.32 -36.42 -51.08
-37.38 -31.47 -61.94
-32.15 -26.48 -73.23
-27.02 -22.37 -84.58
-21.28 -19.57 -95.09
-17.22 -18.00 -105.3
-12.05 -18.00 -115.6
-2.437 -20.76 -125.8
6.5097 -25.20 -136.5
19.369 -29.65 -149.0
30.895 -37.70 -163.9
30.895 -37.70 -163.9
40.875 -43.49 -188.0
30.861 -32.70 -189.0
21.152 -22.60 -191.9
8.2774 -14.82 -195.8
-3.990 -6.240 -201.3
-8.080 -3.343 -200.1
-9.135 -2.149 -195.0
-8.423 0.6436 -186.6
-6.874 4.6366 -176.9
-7.088 9.9551 -169.0
-8.822 15.524 -162.8
-11.68 20.690 -159.3
-14.78 25.567 -156.7
-17.86 29.690 -152.9
-20.69 33.034 -148.3
-23.33 35.800 -143.1
-24.85 37.769 -136.7
-25.20 38.969 -130.7
-25.12 39.193 -120.3
-12.01 37.938 -98.74
0.6640 41.593 -77.87
0.6640 41.593 -77.87
7.5086 55.072 -31.19
0.3248 39.831 -35.19
-12.04 10.075 -39.57
-28.81 -11.11 -35.09
-42.42 -38.39 -21.94
-40.96 -37.68 -19.25
-36.45 -33.20 -17.56
-24.55 -25.93 -14.83
-16.14 -22.14 -12.01
-16.14 -22.14 -12.01
4.8325 -10.09 2.6325
11.978 -2.945 12.618
12.472 3.1529 17.496
12.574 9.9606 19.772
11.537 16.381 18.837
11.270 21.808 13.382
11.492 27.181 7.8592
1.5987 17.772 -17.65
-19.91 0.7309 -47.47
-50.38 -19.91 -49.57
-63.62 -49.71 -30.37
-61.45 -36.12 -51.17
-57.30 -25.80 -68.78
-50.97 -10.45 -92.35
-42.89 2.8583 -114.1
-33.87 11.597 -131.7
-26.00 17.210 -144.7
-22.14 19.637 -150.7
-49.49 231.79 30.781
-44.23 233.36 28.530
-39.83 235.78 25.460
-35.97 238.15 22.439
-32.45 240.30 19.721
-29.51 242.17 17.376
-26.62 244.10 15.036
-25.28 245.05 13.927
-25.28 245.05 13.927
-23.76 246.18 12.614
-24.35 245.71 12.933
-26.27 244.28 14.020
-29.04 242.18 15.734
-32.72 239.32 18.309
-36.80 235.87 21.703
-41.42 232.00 25.817
-46.24 227.83 30.605
-51.02 222.78 36.377
-57.18 215.67 44.582
-60.54 211.15 49.876
-60.54 211.15 49.876
-68.32 195.01 67.483
-71.49 183.19 79.554
-73.10 176.31 86.929
-74.47 168.90 94.629
-75.59 166.16 97.204
-76.68 167.93 95.030
-77.66 175.25 86.902
-78.26 187.35 73.639
-77.80 203.58 56.010
-76.06 218.97 39.266
-72.90 230.31 26.547
-68.89 237.54 18.156
-64.43 242.40 12.439
-59.73 245.28 8.8144
-55.04 246.84 6.5793
-50.59 247.91 4.8110
-46.63 248.47 3.5863
-43.16 248.72 2.6911
-40.58 248.65 2.1968
-38.81 248.41 1.9333
-38.17 247.85 2.1914
-38.26 247.11 2.7900
-38.91 246.18 3.6412
-40.31 244.66 5.2558
-41.26 243.71 6.3102
-41.26 243.71 6.3102
-44.90 240.48 9.9842
-47.35 238.30 12.433
-49.50 236.37 14.564
-52.01 233.82 17.288
-54.58 230.82 20.457
-57.10 227.29 24.158
-59.54 223.19 28.447
-61.84 218.51 33.362
-63.94 213.29 38.854
-65.82 207.56 44.955
-67.46 201.54 51.342
-69.02 195.43 57.949
-70.61 189.62 64.166
-72.62 182.35 71.882
-73.67 178.12 76.478
-73.67 178.12 76.478
-76.23 168.13 87.116
-77.34 164.33 91.246
-77.98 163.43 92.344
-78.65 164.63 91.427
-79.20 169.87 86.578
-79.58 177.98 78.906
-79.49 189.32 67.966
-78.77 201.40 56.269
-77.27 212.75 45.236
-75.15 221.77 36.416
-72.46 228.62 29.617
-69.44 233.65 24.493
-66.14 237.40 20.501
-62.70 240.26 17.315
-59.15 242.46 14.718
-55.56 244.18 12.570
-52.00 245.51 10.797
-48.50 246.55 9.3362
-45.16 247.37 8.1390
-41.97 248.06 7.1230
-39.08 248.59 6.2882
-35.83 249.08 5.4260
-34.20 249.29 5.0141
-34.20 249.29 5.0141
-30.94 249.32 4.3606
-29.94 248.96 4.2123
-29.66 248.43 4.4595
-30.25 247.37 5.1789
-32.48 245.51 6.3706
-35.69 243.06 8.3092
-39.98 239.82 11.412
-44.77 235.82 15.410
-50.09 230.80 20.687
-55.49 224.56 27.431
-60.75 216.35 36.246
-66.56 201.77 51.480
-69.01 191.01 62.606
-69.01 191.01 62.606
-70.85 156.51 97.539
-69.33 140.19 113.91
-68.23 133.13 120.86
-67.09 127.08 126.77
-67.00 124.62 129.15
-67.72 123.94 129.74
-69.03 124.37 129.18
-70.77 125.78 127.66
-72.89 128.82 124.52
-75.11 133.82 119.46
-77.24 142.11 111.13
-78.92 154.29 98.951
-79.65 170.49 82.690
-79.33 187.35 65.742
-78.25 201.58 51.507
-76.65 212.17 40.886
-74.91 219.25 33.758
-73.24 224.14 28.832
-71.95 227.15 25.800
-71.04 229.06 23.905
-70.77 229.62 23.351
-71.58 228.28 24.982
-72.37 226.82 26.739
-72.37 226.82 26.739
-76.24 215.59 39.167
-78.59 202.76 52.726
-80.04 186.07 69.894
-80.43 162.33 93.959
-78.98 140.01 116.57
-76.04 125.46 131.23
-72.25 118.41 138.25
-68.18 115.27 141.51
-64.33 114.17 142.79
-60.85 114.02 143.22
-58.18 114.21 143.29
-56.34 114.41 143.29
-55.72 114.68 143.14
-56.41 115.03 142.72
-58.51 116.73 140.92
-62.67 121.33 136.19
-65.46 124.83 132.50
-65.46 124.83 132.50
-73.18 148.17 108.97
-75.29 173.26 83.728
-74.22 194.66 62.414
-70.94 213.55 43.566
-66.34 225.31 31.902
-61.38 232.78 24.603
-56.75 237.57 20.078
-52.56 240.76 17.145
-49.39 242.66 15.459
-47.22 243.85 14.460
-46.54 244.15 14.190
-46.83 243.96 14.295
-47.85 243.31 14.756
-49.34 242.27 15.536
-51.38 240.69 16.766
-53.75 238.61 18.502
-56.46 235.77 21.121
-59.33 232.22 24.526
-62.24 227.31 29.480
-65.59 218.28 38.931
-67.14 212.06 45.461
-67.14 212.06 45.461
-69.24 189.69 69.476
-68.97 176.15 84.178
-68.18 166.95 94.415
-66.93 157.20 105.24
-65.55 148.73 114.67
-64.13 141.19 122.96
-62.83 134.56 130.18
-61.34 127.20 138.03
-60.48 123.60 141.81
-60.48 123.60 141.81
-59.02 115.50 149.93
-58.59 112.05 153.25
-59.08 110.27 154.75
-60.10 108.36 156.29
-61.92 106.90 157.31
-64.49 105.60 158.14
-67.81 104.84 158.45
-71.61 104.56 158.43
-75.77 107.52 155.25
-79.90 116.71 145.95
-83.68 140.01 122.83
-83.73 189.56 73.612
-79.09 214.99 48.503
-73.28 223.50 40.359
-67.00 226.66 37.207
-60.71 228.28 35.180
-54.70 229.67 33.555
-49.49 231.79 30.781
-30.32 -74.99 -48.87
-29.48 -67.25 -48.79
-26.08 -60.27 -48.67
-20.78 -54.86 -46.60
-14.17 -50.36 -42.25
-8.021 -46.37 -35.36
-4.507 -42.90 -24.99
-1.678 -38.89 -14.48
-1.678 -38.89 -14.48
-9.644 -30.47 9.8684
-18.45 -29.07 -330.5
-26.83 -29.69 -323.8
-33.09 -28.62 -328.8
-39.21 -26.76 25.511
-46.05 -24.47 21.831
-52.18 -23.03 19.043
-57.89 -23.25 15.008
-61.42 -22.95 11.743
-62.42 -21.75 7.4845
-62.53 -21.01 4.4117
-62.53 -21.01 4.4117
-63.77 -23.68 -20.73
-61.36 -29.47 -33.14
-57.02 -34.01 -42.69
-54.66 -36.57 -55.26
-52.67 -39.78 -67.33
-48.70 -49.85 -71.64
-45.25 -59.68 -76.61
-50.22 -74.14 -71.25
-54.34 -91.19 -60.62
-50.42 -96.91 -58.42
-46.38 -101.9 -56.97
-40.24 -99.58 -57.93
-32.44 -93.86 -58.40
-24.85 -91.22 -53.42
-19.32 -88.35 -47.56
-16.67 -85.59 -43.46
-14.24 -83.01 -40.38
-11.07 -79.75 -38.27
-6.986 -75.90 -37.23
-1.445 -71.33 -37.36
4.5617 -66.88 -36.77
11.474 -62.83 -34.78
15.244 -61.03 -29.54
15.177 -60.82 -19.42
15.078 -60.63 -9.273
15.078 -60.63 -9.273
16.706 -51.10 -4.363
13.953 -44.93 1.6505
10.062 -38.99 5.2264
5.2028 -32.34 6.0793
-0.382 -25.32 6.1066
-7.443 -18.41 3.7064
-15.15 -12.57 -1.805
-21.62 -8.866 -8.743
-27.56 -4.139 -16.47
-30.44 -3.059 -23.32
-31.52 -3.141 -32.65
-30.98 -5.493 -47.54
-29.19 -11.54 -64.07
-29.09 -21.38 -79.56
-31.28 -30.99 -94.96
-31.28 -30.99 -94.96
-32.96 -55.97 -118.3
-27.47 -69.80 -125.3
-22.86 -76.89 -124.2
-22.09 -79.31 -120.4
-21.18 -81.64 -116.5
-21.14 -83.31 -111.5
-21.47 -84.68 -107.5
-21.92 -86.37 -105.6
-22.18 -87.30 -104.7
-22.08 -87.24 -104.5
-21.60 -86.72 -104.5
-18.78 -83.98 -103.0
-13.90 -79.32 -96.87
-9.039 -74.69 -85.38
-4.695 -70.05 -70.52
-3.314 -65.44 -55.64
-3.162 -60.64 -40.74
-0.634 -58.82 -30.61
1.5132 -57.32 -23.19
3.7996 -57.41 -17.13
5.5928 -58.67 -11.78
6.2832 -59.38 -3.467
6.4625 -59.60 1.2513
6.4625 -59.60 1.2513
2.3605 -58.55 15.396
-1.490 -57.44 22.903
-6.228 -55.93 -332.0
-12.63 -53.70 -326.7
-20.43 -50.87 -322.0
-29.45 -47.38 -317.4
-38.73 -44.43 -312.9
-47.27 -41.36 -308.1
-51.96 -35.53 -309.0
-51.15 -26.52 -317.7
-49.89 -19.07 -330.8
-51.18 -14.89 10.289
-51.52 -10.19 -9.066
-51.52 -10.19 -9.066
-50.75 -12.90 -39.48
-49.44 -22.94 -52.18
-49.57 -33.06 -64.85
-47.55 -47.17 -70.92
-46.56 -61.16 -77.37
-42.59 -70.75 -80.20
-38.21 -77.28 -82.75
-33.83 -79.95 -87.68
-29.64 -82.91 -92.60
-26.14 -84.86 -98.35
-23.52 -86.25 -103.8
-21.71 -87.66 -109.1
-20.95 -88.08 -111.7
-21.42 -86.89 -112.2
-21.62 -83.24 -113.4
-20.88 -76.98 -114.9
-16.95 -70.11 -113.7
-9.165 -63.75 -108.2
-0.427 -57.62 -99.81
9.1881 -56.83 -90.55
18.526 -54.40 -80.77
27.572 -57.49 -73.58
31.715 -60.78 -71.35
31.715 -60.78 -71.35
37.556 -69.20 -67.30
38.905 -73.77 -68.83
39.268 -74.51 -69.25
39.739 -70.53 -68.12
39.327 -59.97 -63.57
36.722 -46.06 -56.35
32.248 -31.50 -49.41
28.007 -19.99 -47.15
23.475 -9.106 -45.95
17.513 -2.164 -48.44
11.855 4.8809 -51.60
4.1851 8.7934 -58.88
-2.265 8.3178 -69.48
-7.770 3.3039 -81.67
-14.18 -0.509 -93.55
-21.47 -8.630 -101.3
-29.74 -16.12 -108.3
-29.74 -16.12 -108.3
-42.31 -39.66 -112.4
-44.81 -52.16 -106.9
-46.35 -65.37 -100.5
-45.78 -75.65 -91.89
-43.99 -83.13 -82.62
-41.50 -88.71 -74.82
-38.92 -91.73 -68.02
-36.59 -93.07 -61.71
-34.88 -91.96 -56.38
-33.81 -89.16 -51.60
-32.58 -84.61 -47.79
-30.94 -78.75 -44.66
-28.24 -72.26 -42.67
-24.49 -66.33 -41.31
-19.18 -60.98 -41.80
-12.32 -56.10 -43.65
-3.987 -52.64 -45.90
5.9962 -51.44 -49.36
16.217 -52.84 -53.26
26.653 -57.80 -57.83
31.576 -61.94 -61.25
31.576 -61.94 -61.25
38.358 -71.67 -66.76
39.645 -71.58 -67.06
41.111 -71.08 -67.09
41.824 -56.22 -55.79
40.335 -41.51 -44.67
34.032 -23.62 -30.57
25.420 -11.08 -22.12
18.795 -4.889 -20.70
16.594 -3.033 -21.06
16.594 -3.033 -21.06
-6.789 7.1607 -19.58
-19.61 8.5491 -31.89
-27.24 5.7123 -47.02
-30.59 -4.936 -61.38
-32.23 -22.03 -71.63
-35.22 -34.98 -76.55
-39.03 -48.17 -80.68
-38.43 -62.09 -79.94
-35.51 -73.44 -77.98
-32.17 -81.75 -75.79
-30.24 -86.06 -73.84
-30.34 -88.23 -70.91
-30.60 -88.90 -66.59
-30.58 -88.83 -62.00
-30.40 -88.35 -56.83
-30.73 -86.93 -51.92
-31.17 -82.79 -48.82
-30.32 -74.99 -48.87
13.404 -31.23 -2.530
15.659 -20.67 1.2391
18.697 -12.66 4.6332
22.426 -9.230 7.6728
26.852 -9.363 11.321
31.230 -12.22 14.608
35.501 -21.89 15.924
37.340 -29.09 15.845
37.340 -29.09 15.845
33.406 -55.31 3.4248
28.308 -72.77 -5.772
24.657 -84.52 -12.05
23.942 -91.04 -14.57
22.987 -97.45 -16.96
22.833 -91.22 -15.10
23.092 -77.42 -10.85
24.690 -61.74 -5.312
24.676 -45.38 -0.063
20.486 -34.05 0.3249
16.305 -23.05 -0.166
16.305 -23.05 -0.166
12.380 -17.72 -1.435
6.8294 -22.11 -5.123
3.4681 -32.03 -8.935
8.5849 -44.95 -9.121
17.250 -59.40 -7.309
22.531 -69.18 -6.261
27.926 -79.33 -6.198
25.272 -73.29 -5.935
22.517 -67.37 -5.662
30.339 -73.57 -1.971
38.024 -80.34 1.2654
27.165 -74.86 -3.739
16.744 -68.78 -9.463
14.397 -62.20 -8.370
14.269 -55.07 -6.983
12.882 -47.97 -5.796
12.456 -40.76 -4.351
13.604 -33.81 -2.210
17.165 -25.91 1.9799
23.075 -14.94 8.4267
30.199 -4.146 17.135
37.458 1.6759 27.796
43.590 9.8123 40.503
48.500 -5.295 45.305
54.151 -21.57 48.331
54.151 -21.57 48.331
53.538 -53.14 29.072
49.761 -68.49 16.980
44.932 -73.54 9.5958
40.558 -75.27 4.5781
35.950 -74.35 1.4703
30.384 -69.64 -0.922
27.363 -61.76 -0.781
27.705 -53.48 1.8460
28.322 -45.00 4.9617
28.636 -37.93 7.1027
28.448 -33.08 8.4031
26.472 -30.71 7.6570
23.702 -30.29 5.3399
21.020 -39.66 0.7426
19.179 -48.90 -2.659
19.179 -48.90 -2.659
35.330 -69.92 2.2032
32.244 -87.81 -4.038
30.358 -96.24 -9.799
28.158 -94.19 -10.57
25.990 -92.13 -11.41
25.172 -85.69 -9.870
24.322 -76.42 -7.727
21.847 -66.90 -6.358
18.880 -56.88 -5.349
15.357 -47.00 -4.755
13.746 -37.41 -3.476
15.516 -27.18 -0.337
16.880 -18.56 2.4265
15.309 -13.27 2.3635
13.839 -11.80 1.3363
15.219 -11.77 2.2058
18.951 -11.92 4.9222
24.130 -12.36 9.0178
29.883 -13.30 13.909
34.926 -13.92 19.389
38.881 -16.64 22.880
41.304 -28.46 21.181
41.630 -37.45 18.866
41.630 -37.45 18.866
37.523 -56.01 8.0222
33.066 -66.12 1.0158
30.962 -69.03 -1.590
31.180 -69.03 -1.453
31.574 -68.96 -1.190
31.916 -68.93 -0.928
32.142 -68.62 -0.725
29.249 -64.53 -1.406
23.196 -55.10 -2.830
15.157 -39.72 -4.230
9.9223 -30.41 -5.026
14.602 -35.79 -3.410
19.158 -41.40 -1.847
19.158 -41.40 -1.847
22.433 -60.39 -5.089
26.776 -76.84 -7.361
31.106 -89.71 -8.528
35.712 -98.15 -8.228
37.841 -102.7 -7.924
36.960 -106.7 -9.290
36.644 -108.5 -10.51
38.454 -108.7 -9.316
40.587 -107.0 -7.311
40.558 -101.8 -5.867
39.252 -94.29 -4.440
37.518 -85.90 -3.063
35.149 -77.33 -2.031
32.399 -70.15 -1.679
29.669 -63.49 -1.579
26.821 -56.62 -1.372
25.434 -49.93 -0.494
25.617 -43.03 1.3206
25.985 -36.45 3.6271
27.284 -30.53 6.3461
29.349 -25.96 9.0467
31.444 -22.87 11.742
32.603 -21.91 13.047
32.603 -21.91 13.047
41.789 -23.76 22.744
41.435 -23.56 22.334
41.083 -23.37 21.921
43.955 -31.22 22.216
46.466 -41.53 21.698
43.761 -43.65 17.713
37.717 -43.21 11.256
30.173 -41.05 5.5370
22.790 -36.62 0.9186
18.008 -30.55 -1.148
14.787 -24.68 -1.873
12.081 -20.71 -2.890
11.121 -19.24 -3.279
11.162 -24.82 -4.424
10.810 -37.15 -7.001
12.428 -51.49 -9.936
13.281 -66.03 -13.22
13.281 -66.03 -13.22
22.745 -88.83 -14.47
23.970 -95.99 -15.80
25.028 -103.2 -17.30
25.564 -101.6 -16.45
26.600 -97.53 -14.72
27.306 -91.96 -12.64
26.999 -85.52 -10.88
24.921 -79.99 -10.21
23.837 -74.83 -9.610
27.042 -69.89 -5.953
30.237 -64.40 -2.099
22.749 -57.22 -3.153
14.383 -49.31 -4.190
14.661 -39.91 1.5649
14.060 -30.53 7.3076
19.956 -19.29 17.377
28.869 -9.284 27.522
33.684 -4.105 34.248
36.976 -2.993 38.327
39.366 -3.847 41.015
40.083 -4.921 41.708
40.083 -4.921 41.708
43.345 -11.84 43.737
47.393 -19.75 47.252
50.483 -28.08 47.984
51.015 -35.68 44.288
51.215 -43.38 40.458
47.443 -55.99 29.506
41.064 -62.15 18.958
33.917 -59.85 12.514
29.624 -58.35 9.6615
29.624 -58.35 9.6615
15.697 -48.94 1.9983
9.5066 -48.38 -2.084
6.6916 -48.97 -4.272
2.1165 -52.16 -8.628
-0.726 -58.39 -11.91
3.7627 -66.65 -11.90
8.2285 -74.97 -12.53
13.597 -85.26 -13.13
17.096 -91.01 -12.97
18.428 -89.47 -11.91
19.531 -85.22 -10.62
19.654 -80.61 -9.534
19.576 -73.57 -7.868
20.977 -62.29 -4.361
21.156 -51.18 -1.014
15.217 -46.11 -3.326
10.528 -41.52 -5.785
13.404 -31.23 -2.530
-15.53 -70.43 94.729
-22.39 -74.94 102.12
-29.51 -74.72 106.75
-38.01 -70.63 109.17
-48.46 -61.31 107.94
-57.74 -44.15 98.836
-62.70 -20.90 82.891
-63.74 6.8764 62.306
-63.74 6.8764 62.306
-60.07 29.167 46.627
-42.04 7.5847 78.224
-17.17 12.767 94.620
5.1714 24.709 108.00
23.308 42.894 127.19
31.540 40.428 118.41
39.332 36.096 108.22
44.796 29.667 99.037
45.914 15.842 82.032
38.852 12.224 72.745
31.470 10.297 64.814
31.470 10.297 64.814
10.791 16.397 44.919
6.2910 23.326 36.259
-1.405 27.910 22.169
-2.731 30.974 16.527
-3.739 34.136 10.837
0.1670 15.902 32.260
10.270 0.0682 51.746
34.550 -21.71 58.770
46.990 -37.02 60.200
57.040 -29.99 64.281
66.532 -18.47 72.947
70.994 4.7242 94.511
71.667 18.088 107.54
65.056 7.6615 101.00
48.005 -9.304 93.516
23.058 -20.77 91.699
-1.718 -30.54 94.859
-26.76 -37.11 99.413
-50.90 -49.57 110.33
-65.72 -59.28 121.53
-74.54 -62.33 124.19
-75.19 -18.85 79.377
-68.62 10.758 48.406
-58.20 18.972 37.559
-47.33 22.436 31.303
-47.33 22.436 31.303
-9.766 -5.411 68.622
16.360 -5.993 74.862
42.329 -3.039 82.597
51.190 7.3596 94.239
53.468 14.414 102.07
54.970 21.585 112.88
54.980 25.999 123.32
54.047 28.876 132.11
51.757 30.524 139.18
49.646 34.005 145.06
44.295 33.988 148.88
-2.641 7.8428 122.66
10.015 32.791 95.806
6.5455 31.803 59.189
3.1866 33.055 22.865
3.1866 33.055 22.865
31.674 -14.12 32.527
56.969 -64.20 3.6999
57.510 -90.05 -7.947
58.632 -80.86 4.0263
58.680 -71.18 16.462
54.148 -52.42 48.744
45.196 -41.65 73.654
37.332 -39.33 97.112
33.535 -38.79 118.31
33.283 -38.12 130.42
32.927 -37.53 142.44
27.081 -34.37 147.75
14.474 -35.19 145.36
-3.332 -39.54 143.78
-24.33 -41.33 138.04
-42.45 -46.92 132.71
-60.86 -51.95 128.27
-68.46 -51.63 120.42
-75.96 -46.84 108.26
-76.40 -26.84 84.398
-71.12 -8.963 65.787
-63.97 -2.100 60.494
-59.73 -0.354 60.130
-59.73 -0.354 60.130
-20.62 -12.91 91.046
5.4186 -13.37 102.12
24.641 -3.319 108.06
33.116 3.3296 114.21
40.776 11.839 122.24
46.214 20.739 130.74
49.842 29.403 139.09
52.072 37.683 147.01
53.237 43.756 152.99
53.744 48.044 157.15
53.870 49.208 158.29
36.067 21.882 129.75
12.645 9.1330 115.52
12.645 9.1330 115.52
-32.10 15.826 80.128
-20.50 22.013 66.141
-7.936 24.885 54.233
3.9766 27.097 43.581
16.147 27.070 32.956
-8.501 17.368 39.892
29.921 -4.274 41.584
32.478 -22.49 45.675
35.992 -41.07 48.716
39.051 -38.07 62.839
41.421 -34.03 77.799
47.346 -33.79 89.191
51.449 -35.23 97.280
44.692 -38.50 100.20
38.052 -41.89 103.31
25.213 -45.94 107.44
12.625 -50.64 112.19
-1.282 -56.72 118.07
-14.78 -63.57 125.75
-25.14 -71.34 134.33
-34.10 -81.61 145.35
-44.30 -83.26 153.48
-54.20 -87.73 163.99
-54.20 -87.73 163.99
-75.80 -67.88 157.78
-60.96 -23.02 124.09
-42.41 -5.817 118.99
-23.49 4.6253 127.52
-6.286 16.935 138.67
-1.163 19.488 144.02
3.9476 24.336 147.69
7.3258 27.004 151.97
10.248 28.843 153.33
12.378 30.331 154.41
13.806 31.369 154.91
14.613 32.873 154.07
14.743 33.664 152.70
3.8191 22.617 138.81
-9.284 21.893 109.09
-19.65 21.184 85.116
-29.39 25.330 59.129
-29.39 25.330 59.129
7.6069 -6.893 74.785
32.037 -17.47 68.970
54.306 -37.16 53.025
54.439 -35.75 51.328
53.186 -32.42 52.443
50.184 -28.16 53.884
45.822 -24.27 54.880
41.244 -20.99 55.201
37.184 -18.56 55.038
35.108 -16.93 55.147
33.096 -16.44 54.467
23.327 -21.31 55.816
5.3338 -27.98 62.289
-15.00 -34.37 70.754
-33.87 -45.27 83.250
-49.23 -36.23 82.831
-58.44 -14.76 68.834
-59.37 20.125 42.808
-54.79 34.449 32.532
-56.08 27.883 37.075
-57.07 20.871 42.058
-57.07 20.871 42.058
-48.50 -8.167 68.758
-22.58 -20.79 82.494
4.3207 -16.51 89.049
29.473 -10.21 92.683
53.775 1.7318 102.56
58.806 16.847 115.77
59.175 25.412 123.87
55.314 38.057 136.29
51.793 42.493 141.17
51.793 42.493 141.17
39.707 48.186 148.48
33.891 51.755 152.07
28.790 49.526 151.09
-2.028 13.657 130.96
10.965 32.747 98.983
5.0405 25.522 73.023
-3.337 21.563 48.069
-12.61 3.8457 49.309
18.822 -12.06 62.289
34.567 -37.21 54.983
40.090 -53.92 51.284
35.100 -54.22 55.745
30.103 -54.92 60.021
21.580 -57.15 65.929
11.479 -59.25 72.979
1.3424 -62.57 80.318
-8.181 -66.95 88.081
-15.53 -70.43 94.729
