210 frames
21 bones
0.3523 2.7261 41.299
0.3523 2.7261 41.299
0.0242 2.7652 41.318
-1.010 2.9058 41.392
-2.397 3.1285 41.514
-4.151 3.4332 41.685
-6.116 3.8121 41.885
-7.983 4.2496 42.080
-9.417 4.5895 42.185
-10.16 4.7770 42.185
-10.41 4.9723 42.080
-10.57 5.2340 41.814
-10.77 5.4372 41.463
-10.81 5.4645 40.717
-10.77 5.4684 39.224
-10.68 5.4723 36.545
-10.39 5.4528 33.646
-9.929 5.4684 31.767
-9.284 5.4879 30.365
-8.479 5.4684 28.904
-7.386 5.4176 27.138
-6.354 5.2848 25.521
-5.737 5.0856 24.185
-5.507 4.7379 23.388
-5.452 4.3668 23.017
-5.515 4.1324 22.888
-5.722 3.9488 22.970
-6.038 3.8004 23.060
-6.479 3.5699 23.212
-6.983 3.0191 23.665
-7.698 2.4918 24.833
-8.401 2.1910 27.154
-8.882 1.9175 29.861
-9.300 1.7222 33.185
-9.608 1.4761 37.314
-9.858 1.1441 42.639
-9.858 0.7769 48.283
-9.538 0.4058 53.307
-8.960 0.0737 57.221
-8.319 -0.203 59.752
-7.554 -0.434 61.190
-6.663 -0.590 62.280
-5.722 -0.680 63.358
-4.651 -0.695 64.057
-3.370 -0.699 64.413
-1.678 -0.590 64.479
-0.108 -0.340 64.253
0.8445 -0.172 63.940
1.4265 0.0151 63.499
1.9461 0.4409 63.034
2.5828 1.0737 62.530
2.9696 1.8941 61.811
3.1102 2.8746 60.881
3.1414 3.8981 59.842
3.0789 4.7614 58.815
2.9539 5.4645 57.659
2.8407 6.1364 56.334
2.7391 6.8083 54.991
2.6453 7.4411 53.494
2.6375 8.0661 51.522
2.7117 8.7380 48.865
2.9110 9.3084 45.908
3.1961 9.6990 43.588
3.5633 9.9646 41.377
3.9735 10.199 37.998
4.3837 10.429 33.076
4.6962 10.620 26.810
4.8602 10.820 19.337
4.9345 10.960 12.415
5.0321 11.011 6.8958
5.1142 10.995 2.6456
5.1376 10.976 1.2901
5.1376 10.972 1.6026
5.1376 10.968 2.4073
5.1376 10.964 3.1574
5.1376 10.960 3.8097
5.1376 10.968 4.2082
5.1376 10.976 4.3215
5.1376 10.984 4.3683
5.1376 10.984 4.3722
5.1376 10.988 4.3566
5.1376 10.992 4.2707
5.1376 10.992 4.1144
5.1376 10.992 3.8839
5.1376 10.988 3.5871
5.1376 10.984 3.2433
5.1376 10.980 3.0128
5.1376 10.976 2.8878
5.1415 10.976 2.8370
5.1376 10.976 2.8292
5.1376 10.976 2.8292
5.1376 10.976 2.8292
5.1376 10.976 2.8292
5.1376 10.976 2.8292
5.1337 10.976 2.8292
5.1337 10.976 2.8292
5.1337 10.976 2.8292
5.1337 10.976 2.8292
5.1337 10.976 2.8292
5.1337 10.976 2.8292
5.1337 10.976 2.8292
5.1337 10.976 2.8292
5.1337 10.976 2.8292
5.1337 10.976 2.8292
5.1337 10.976 2.8292
5.1337 10.976 2.8292
5.1337 10.976 2.8292
5.1337 10.976 2.8292
5.1337 10.976 2.8292
5.1337 10.976 2.8292
5.1337 10.976 2.8292
5.1337 10.976 2.8292
5.1337 10.976 2.8292
5.1337 10.976 2.8292
5.1337 10.976 2.8292
5.1337 10.976 2.8292
5.1337 10.976 2.8292
5.1337 10.976 2.8292
5.1337 10.976 2.8292
5.1337 10.976 2.8292
5.1337 10.976 2.8292
5.1337 10.976 2.8292
5.1337 10.976 2.8292
5.1337 10.976 2.8292
5.1337 10.976 2.8292
5.1337 10.976 2.8292
5.1337 10.976 2.8292
5.1337 10.976 2.8292
5.1337 10.976 2.8292
5.1337 10.980 2.8292
5.1337 10.980 2.8292
5.1337 10.980 2.8292
5.1337 10.980 2.8292
5.1337 10.980 2.8331
5.1298 10.980 2.8331
5.1298 10.980 2.8331
5.1298 10.980 2.8331
5.1298 10.980 2.8331
5.1298 10.980 2.8331
5.1259 10.984 2.8331
5.1181 10.988 2.8449
5.0829 10.980 2.8683
4.9853 10.949 2.8839
4.8329 10.910 2.8917
4.6845 10.874 2.8878
4.5243 10.831 2.8605
4.3368 10.788 2.8175
4.1649 10.753 2.7667
3.9696 10.722 2.7042
3.6532 10.683 2.6339
3.1375 10.574 2.6066
2.5477 10.402 2.6378
2.0828 10.257 2.6847
1.6492 10.105 2.7511
1.1492 9.9334 2.8058
0.4851 9.7224 2.7824
-0.128 9.4920 2.8136
-0.561 9.3123 2.9777
-0.792 9.1990 3.4933
-0.882 9.1170 4.3215
-0.889 9.0701 5.4426
-0.893 9.0232 6.8137
-0.889 8.9724 8.2825
-0.874 8.9255 10.001
-0.928 8.8591 12.142
-1.108 8.7654 15.036
-1.331 8.6560 17.872
-1.565 8.5701 19.825
-1.792 8.4880 21.267
-1.846 8.3318 22.564
-1.514 8.0779 23.849
-0.928 7.7380 24.951
-0.362 7.3513 26.001
0.1453 6.9333 26.790
0.4695 6.5505 27.330
0.6726 6.2380 27.712
0.9031 5.9919 27.990
1.2039 5.7770 28.205
1.5516 5.5231 28.208
1.9461 5.1559 27.931
2.4735 4.7418 27.205
2.9657 4.3903 26.099
3.2625 4.1012 25.052
3.4930 3.8590 23.943
3.7547 3.5816 22.802
4.1024 3.1480 21.286
4.4110 2.8941 20.458
4.6884 2.7300 20.716
4.9579 2.4449 21.396
5.1571 2.2808 22.310
5.3056 2.1910 23.513
5.4189 2.1089 24.740
5.5282 2.0191 25.892
5.6064 1.9410 27.080
5.5946 1.8824 28.392
5.4775 1.8277 29.962
5.2548 1.8081 31.455
5.0243 1.8238 32.513
4.7470 1.8667 33.338
4.3720 1.9371 34.302
3.8524 2.0503 35.568
3.2743 2.1832 36.873
2.7430 2.3003 38.049
2.2742 2.3980 39.002
1.8836 2.4722 39.705
1.5633 2.5308 40.201
1.2976 2.5777 40.584
1.1336 2.5855 40.885
1.0359 2.5777 41.064
0.3523 2.7261 41.299
0.2094 -15.43 87.468
0.2094 -15.43 87.468
0.2094 -15.36 87.474
0.1978 -15.10 87.523
0.1717 -14.70 87.665
0.1340 -14.17 87.932
0.0673 -13.48 88.292
-0.031 -12.72 88.690
-0.144 -11.98 89.045
-0.231 -11.39 89.198
-0.315 -10.87 89.258
-0.448 -10.31 89.514
-0.599 -9.749 89.874
-0.790 -9.140 90.414
-1.095 -8.268 91.435
-1.724 -6.995 94.010
-2.434 -5.657 95.172
-2.857 -4.697 94.146
-3.162 -3.913 93.169
-3.423 -2.959 91.806
-3.602 -1.675 88.843
-3.652 -0.353 85.313
-3.701 0.8747 82.940
-3.640 1.6590 81.511
-3.524 1.9826 80.840
-3.373 2.1307 80.616
-3.086 2.1910 80.262
-2.695 1.9991 79.596
-2.127 1.4506 79.067
-1.312 1.0118 79.176
-0.132 0.7431 80.213
1.1429 0.7101 82.275
2.1634 0.8582 85.635
3.0970 1.0282 89.798
4.0015 1.1708 91.538
5.0800 1.2860 91.025
5.7554 1.3518 86.590
5.8946 1.4725 76.912
5.8714 1.7083 64.779
5.6829 2.0594 51.424
5.3408 2.4762 37.834
5.1901 2.6408 32.733
6.2222 2.6353 109.30
8.7589 1.6151 -85.40
10.968 -1.401 -4.479
14.055 -8.438 -18.17
18.668 -15.97 -43.91
20.987 -21.34 -56.83
20.285 -28.25 -66.83
18.378 -36.50 -77.14
15.995 -46.46 -88.83
10.637 -56.46 260.87
2.9636 -65.57 254.88
-4.893 -74.16 251.85
-11.81 -81.64 249.34
-18.76 -87.88 247.63
-26.07 -92.46 244.33
-33.88 -97.48 241.12
-42.45 -101.5 237.77
-51.83 -100.0 229.94
-65.39 -82.95 205.92
-75.66 -35.50 149.91
-73.69 4.4616 102.88
-68.64 17.937 83.868
-65.88 31.117 65.428
-62.90 55.798 34.495
-63.58 75.707 12.536
-72.12 -253.8 -17.68
-74.61 -219.8 -54.18
-77.19 -216.5 -59.15
-80.12 -215.3 -60.13
-82.12 -216.7 -58.16
-83.39 -221.9 -52.85
-84.22 -230.8 -43.95
-84.42 -234.9 -39.82
-84.37 -234.3 -40.43
-84.03 -230.3 -44.44
-83.22 -223.3 -51.48
-81.97 -216.1 -58.79
-80.91 -211.7 -63.23
-80.16 -209.3 -65.66
-79.89 -208.6 -66.41
-79.92 -208.7 -66.33
-80.10 -209.2 -65.81
-80.43 -210.2 -64.79
-80.88 -211.6 -63.30
-81.31 -213.2 -61.70
-81.72 -214.9 -60.01
-82.11 -216.7 -58.16
-82.43 -218.3 -56.55
-82.66 -219.7 -55.21
-82.75 -220.2 -54.69
-82.61 -219.3 -55.53
-82.25 -217.4 -57.50
-81.93 -215.8 -59.05
-81.70 -214.8 -60.12
-81.59 -214.4 -60.56
-81.59 -214.4 -60.56
-81.59 -214.4 -60.56
-81.59 -214.4 -60.56
-81.59 -214.4 -60.56
-81.59 -214.4 -60.56
-81.59 -214.4 -60.56
-81.59 -214.4 -60.56
-81.59 -214.4 -60.56
-81.59 -214.4 -60.56
-81.59 -214.4 -60.56
-81.59 -214.4 -60.56
-81.59 -214.4 -60.56
-81.59 -214.4 -60.56
-81.59 -214.4 -60.56
-81.59 -214.4 -60.56
-81.59 -214.4 -60.56
-81.59 -214.4 -60.56
-81.59 -214.4 -60.56
-81.59 -214.4 -60.56
-81.59 -214.4 -60.56
-81.59 -214.4 -60.56
-81.59 -214.4 -60.56
-81.59 -214.4 -60.56
-81.59 -214.4 -60.56
-81.59 -214.4 -60.56
-81.59 -214.4 -60.56
-81.59 -214.4 -60.56
-81.59 -214.4 -60.56
-81.59 -214.4 -60.56
-81.59 -214.4 -60.56
-81.59 -214.4 -60.56
-81.59 -214.4 -60.56
-81.59 -214.4 -60.56
-81.59 -214.4 -60.56
-81.59 -214.4 -60.56
-81.60 -214.4 -60.56
-81.60 -214.4 -60.54
-81.62 -214.4 -60.49
-81.68 -214.5 -60.43
-81.82 -214.5 -60.37
-81.92 -214.5 -60.33
-82.06 -214.4 -60.32
-82.46 -214.2 -60.38
-83.15 -214.0 -60.37
-84.38 -211.3 -63.01
-86.27 -202.0 -73.01
-87.55 -165.7 249.76
-86.78 -125.8 208.96
-85.08 -108.4 190.40
-83.14 -101.3 182.28
-81.00 -101.0 181.03
-78.74 -104.2 183.21
-76.73 -104.4 182.79
-74.84 -101.0 179.50
-73.26 -95.90 174.86
-72.22 -90.25 169.89
-71.37 -83.72 164.25
-69.94 -78.54 160.02
-68.36 -74.56 157.34
-65.26 -73.76 157.38
-59.35 -78.12 161.30
-52.37 -82.50 164.49
-45.88 -84.48 165.31
-39.39 -85.73 165.35
-33.66 -86.65 165.36
-28.86 -87.50 165.42
-24.86 -87.81 165.22
-20.76 -87.46 165.21
-15.77 -86.45 165.66
-11.75 -84.63 166.38
-9.383 -82.67 167.16
-7.664 -80.87 167.76
-5.922 -79.49 167.83
-3.887 -78.65 167.40
-2.063 -78.17 165.91
-0.567 -77.71 163.25
0.3805 -77.18 159.86
0.9284 -76.55 156.57
1.2386 -75.97 153.14
1.3952 -75.22 149.73
1.3952 -74.32 146.53
1.0443 -73.09 143.33
0.4065 -71.31 139.56
-0.602 -68.68 134.59
-1.727 -65.89 129.76
-2.538 -63.93 126.61
-3.228 -62.33 124.37
-3.988 -60.31 121.54
-4.916 -57.59 117.57
-5.745 -54.54 113.08
-6.278 -51.43 108.38
-6.591 -48.61 104.15
-6.812 -46.38 100.94
-6.942 -44.56 98.489
-7.012 -42.77 96.339
-7.049 -41.01 94.157
-7.032 -39.32 92.286
-6.925 -37.34 91.036
-6.675 -34.82 90.142
-6.316 -32.36 89.989
-5.980 -30.62 90.584
-5.643 -29.23 91.838
-5.197 -27.59 93.404
-4.559 -25.45 95.586
-3.820 -23.24 97.376
-3.092 -21.21 97.687
-2.405 -19.53 97.021
-1.788 -18.30 95.695
-1.248 -17.42 93.535
-0.784 -16.73 91.582
-0.309 -16.18 89.820
0.0847 -15.83 88.205
0.2094 -15.43 87.468
4.9772 -99.30 -69.30
4.9772 -99.30 -69.30
4.9100 -99.78 -69.35
4.8016 -101.1 -69.47
4.8353 -102.6 -69.59
5.1995 -104.0 -69.98
5.5637 -105.5 -70.86
2.7620 -107.3 -72.56
-2.660 -108.5 -74.52
-7.143 -108.7 -75.98
-11.71 -108.7 -77.33
-15.87 -108.5 -78.52
-19.07 -108.0 -79.58
-21.79 -107.4 -80.51
-25.95 -107.1 -81.51
-33.00 -108.3 -82.28
-39.99 -110.6 -82.10
-44.16 -112.2 -81.88
-46.73 -113.9 -82.02
-48.92 -115.5 -82.22
-51.09 -117.0 -82.56
-52.63 -118.2 -82.90
-53.83 -119.3 -82.70
-54.25 -119.7 -82.50
-54.22 -119.6 -82.40
-53.95 -118.9 -82.39
-53.26 -117.3 -82.91
-52.17 -115.3 -83.79
-50.44 -112.8 -84.95
-48.14 -109.4 -86.11
-45.59 -105.4 -86.50
-41.60 -100.9 -87.33
-36.55 -96.74 -88.61
-30.46 -92.71 -89.23
-22.82 -88.96 -88.85
-13.04 -84.69 -88.93
-3.545 -80.52 -88.57
3.8173 -77.35 -86.50
9.4171 -75.55 -83.93
13.752 -75.51 -81.76
17.329 -77.37 -80.63
20.198 -78.81 -79.58
22.712 -79.28 -78.29
24.404 -79.49 -77.29
24.882 -79.52 -76.71
22.977 -79.32 -75.28
18.326 -80.14 -73.14
12.721 -83.94 -71.62
5.4479 -89.92 -69.22
-1.227 -93.39 -65.65
-4.903 -94.31 -61.55
-8.926 -94.55 -58.76
-17.03 -87.29 -61.54
-23.32 -77.10 -67.15
-27.04 -73.33 -67.93
-29.50 -71.15 -66.02
-31.70 -69.86 -62.07
-34.44 -72.01 -52.06
-38.76 -80.75 -35.78
-45.28 -91.14 -25.93
-58.13 -106.1 -24.50
-65.58 -125.8 -20.20
-61.12 -129.4 -24.83
-50.69 -126.3 -34.45
-40.67 -127.1 -41.87
-30.46 -134.2 -47.85
-24.93 -138.9 -56.54
-33.60 -136.5 -68.65
-43.39 -128.1 -80.03
-43.56 -114.8 -88.03
-40.88 -100.4 -94.86
-38.17 -92.80 -97.99
-36.75 -89.90 -101.2
-35.94 -88.84 -106.7
-35.19 -88.78 -112.0
-33.90 -88.99 -117.0
-33.13 -89.18 -121.6
-33.16 -89.28 -124.9
-33.26 -89.47 -127.0
-33.45 -89.53 -127.6
-33.92 -89.39 -127.3
-34.81 -89.13 -123.8
-36.62 -91.16 -112.9
-38.17 -93.93 -100.3
-38.56 -94.56 -93.85
-38.71 -94.77 -90.19
-38.76 -94.96 -87.27
-38.77 -95.21 -84.07
-38.71 -95.40 -81.70
-38.63 -95.65 -80.81
-38.52 -95.94 -81.60
-38.39 -96.43 -83.22
-38.27 -97.24 -84.46
-38.15 -98.26 -85.71
-38.02 -99.14 -86.75
-37.87 -99.96 -87.68
-37.78 -100.3 -88.07
-37.78 -100.3 -88.07
-37.78 -100.3 -88.07
-37.78 -100.3 -88.07
-37.78 -100.3 -88.07
-37.78 -100.3 -88.07
-37.78 -100.3 -88.07
-37.78 -100.3 -88.07
-37.78 -100.3 -88.07
-37.78 -100.3 -88.07
-37.78 -100.3 -88.07
-37.78 -100.3 -88.07
-37.78 -100.3 -88.07
-37.78 -100.3 -88.07
-37.78 -100.3 -88.07
-37.78 -100.3 -88.07
-37.78 -100.3 -88.07
-37.78 -100.3 -88.07
-37.78 -100.3 -88.07
-37.78 -100.3 -88.07
-37.78 -100.3 -88.07
-37.78 -100.3 -88.07
-37.78 -100.3 -88.07
-37.78 -100.3 -88.07
-37.78 -100.3 -88.07
-37.78 -100.3 -88.07
-37.78 -100.3 -88.07
-37.78 -100.3 -88.07
-37.78 -100.3 -88.07
-37.78 -100.3 -88.07
-37.78 -100.3 -88.07
-37.78 -100.3 -88.07
-37.78 -100.3 -88.07
-37.78 -100.3 -88.07
-37.78 -100.3 -88.07
-37.78 -100.3 -88.07
-37.78 -100.3 -88.07
-37.78 -100.3 -88.07
-37.79 -100.3 -88.08
-37.79 -100.2 -88.10
-37.81 -100.0 -88.18
-37.83 -99.94 -88.24
-37.84 -99.75 -88.32
-37.90 -99.18 -88.60
-37.95 -98.26 -89.09
-38.33 -96.61 -90.09
-39.21 -93.94 -91.80
-40.14 -90.89 -94.06
-40.83 -88.19 -96.38
-41.36 -85.62 -98.77
-41.64 -83.35 -101.0
-41.75 -81.51 -103.5
-41.67 -80.04 -105.9
-41.32 -78.24 -107.7
-40.58 -75.96 -109.1
-39.66 -73.39 -110.4
-38.87 -70.76 -111.8
-38.06 -68.04 -113.3
-37.12 -65.38 -114.6
-36.04 -62.63 -115.7
-34.86 -60.32 -116.4
-33.15 -59.01 -116.1
-31.71 -58.67 -114.8
-31.13 -58.55 -113.5
-30.89 -58.50 -111.5
-30.86 -58.50 -108.8
-31.41 -58.91 -105.9
-33.17 -59.90 -102.5
-35.50 -60.60 -98.70
-38.56 -60.50 -94.11
-41.79 -60.18 -89.39
-44.01 -60.01 -85.29
-45.79 -60.17 -81.36
-48.28 -61.63 -76.88
-50.97 -64.66 -71.13
-55.84 -70.77 -64.15
-65.25 -81.92 -54.11
-76.51 -108.2 -29.92
-77.91 -186.5 45.029
-64.37 -220.1 74.023
-56.51 -228.0 76.859
-53.93 -231.9 74.501
-52.82 -233.3 67.860
-52.69 -233.5 59.822
-57.21 -230.7 47.616
-63.28 -228.1 36.883
-65.35 -230.7 34.443
-66.43 -233.3 33.562
-68.06 -236.2 33.014
-71.02 -239.0 30.976
-75.39 -235.6 24.769
-80.00 -213.6 2.6131
-80.45 -169.7 -40.90
-76.93 -143.9 -65.60
-72.17 -132.5 -75.38
-67.21 -126.4 -79.80
-62.33 -122.4 -82.35
-57.60 -119.8 -83.48
-52.75 -118.1 -83.42
-47.27 -116.9 -82.39
-42.56 -116.4 -80.53
-39.69 -116.2 -78.63
-37.98 -116.2 -76.68
-35.83 -116.1 -74.31
-33.01 -115.4 -71.33
-29.40 -113.6 -69.01
-24.72 -111.1 -67.90
-19.51 -108.4 -67.59
-14.35 -106.1 -67.73
-9.192 -104.0 -68.33
-4.688 -102.2 -68.73
-0.136 -100.5 -68.92
3.8883 -99.14 -69.13
4.9772 -99.30 -69.30
-1.719 20.737 1.9177
-1.719 20.737 1.9177
-1.826 21.719 1.9988
-2.098 24.208 2.1903
-2.335 26.375 2.3414
-2.418 27.128 2.3922
-2.607 28.789 2.4993
-3.252 34.266 2.8063
-4.045 40.893 3.0658
-4.632 45.716 3.1805
-5.142 49.776 3.2341
-5.547 53.077 3.2444
-5.752 54.977 3.2382
-5.866 55.991 3.2327
-6.301 59.279 3.1832
-7.172 66.414 2.9861
-8.074 74.774 2.5941
-8.718 81.360 2.1718
-9.276 87.321 1.7097
-9.775 93.377 1.1596
-10.22 100.09 0.4689
-10.55 106.14 -0.212
-10.75 111.02 -0.794
-10.85 113.98 -1.170
-10.90 115.48 -1.361
-10.91 116.10 -1.440
-10.91 116.17 -1.449
-10.91 116.11 -1.442
-10.90 115.65 -1.383
-10.87 114.54 -1.241
-10.67 111.32 -0.782
-10.31 101.86 0.2395
-9.500 86.601 1.5051
-7.532 66.876 2.6175
-4.964 49.119 2.9656
-2.688 31.151 2.5687
-1.872 22.172 2.0317
-2.484 27.791 2.4472
-3.798 38.847 2.9965
-5.030 48.744 3.2217
-6.304 59.443 3.1777
-7.505 69.684 2.8324
-8.546 79.367 2.2721
-9.407 88.666 1.5566
-10.05 97.431 0.7312
-10.56 106.69 -0.282
-10.83 113.12 -1.066
-10.92 116.12 -1.448
-10.94 117.36 -1.604
-10.95 117.50 -1.623
-10.71 109.79 -0.676
-9.870 94.778 1.0093
-8.658 80.201 2.2082
-7.264 67.589 2.9024
-6.253 59.357 3.1812
-5.680 54.428 3.2458
-5.560 53.182 3.2451
-5.962 56.294 3.2320
-6.988 64.759 3.0562
-7.934 73.429 2.6799
-8.938 83.310 2.0180
-9.424 88.954 1.5627
-9.168 85.758 1.8140
-8.376 77.421 2.4025
-7.502 69.591 2.8392
-6.685 62.518 3.1057
-6.168 58.154 3.2039
-6.099 57.584 3.2128
-6.030 57.017 3.2203
-5.565 52.975 3.2492
-4.635 45.338 3.1826
-3.847 39.263 3.0116
-3.409 35.822 2.8701
-3.178 33.764 2.7754
-3.004 32.199 2.6957
-2.830 30.723 2.6147
-2.775 30.224 2.5872
-2.832 30.720 2.6161
-2.976 31.957 2.6847
-3.097 33.001 2.7390
-3.183 33.721 2.7760
-3.219 34.018 2.7919
-3.218 34.012 2.7912
-3.209 33.953 2.7891
-3.187 33.773 2.7809
-3.148 33.442 2.7637
-3.112 33.132 2.7472
-3.082 32.874 2.7342
-3.055 32.633 2.7218
-3.034 32.453 2.7122
-3.021 32.344 2.7060
-3.018 32.323 2.7047
-3.019 32.329 2.7053
-3.019 32.341 2.7053
-3.020 32.347 2.7053
-3.010 32.270 2.7005
-3.001 32.193 2.6957
-3.001 32.189 2.6957
-3.001 32.189 2.6957
-3.001 32.189 2.6957
-3.001 32.186 2.6957
-3.001 32.186 2.6957
-3.001 32.186 2.6957
-3.001 32.186 2.6957
-3.001 32.186 2.6957
-3.001 32.186 2.6957
-3.001 32.186 2.6957
-3.001 32.186 2.6957
-3.001 32.186 2.6957
-3.001 32.186 2.6957
-3.001 32.186 2.6957
-3.001 32.186 2.6957
-3.001 32.186 2.6957
-3.001 32.186 2.6957
-3.001 32.186 2.6957
-3.001 32.186 2.6957
-3.001 32.186 2.6957
-3.001 32.186 2.6957
-3.001 32.186 2.6957
-3.001 32.186 2.6957
-3.001 32.186 2.6957
-3.001 32.186 2.6957
-3.001 32.186 2.6957
-3.000 32.186 2.6957
-3.000 32.186 2.6957
-3.000 32.186 2.6957
-3.000 32.186 2.6957
-3.000 32.186 2.6957
-3.000 32.186 2.6957
-3.000 32.186 2.6957
-3.000 32.186 2.6957
-3.000 32.183 2.6957
-3.000 32.183 2.6957
-3.000 32.183 2.6957
-2.999 32.180 2.6957
-2.997 32.155 2.6950
-2.987 32.069 2.6916
-2.973 31.941 2.6854
-2.955 31.780 2.6765
-2.940 31.647 2.6690
-2.927 31.545 2.6628
-2.921 31.501 2.6600
-3.128 33.259 2.7527
-3.511 36.485 2.9017
-3.832 39.132 3.0061
-4.160 41.810 3.0919
-4.437 44.095 3.1503
-4.703 46.267 3.1922
-4.930 48.093 3.2189
-5.008 48.710 3.2258
-4.927 48.056 3.2189
-4.750 46.618 3.1991
-4.568 45.127 3.1729
-4.356 43.403 3.1338
-4.147 41.714 3.0885
-3.896 39.662 3.0253
-3.760 38.556 2.9855
-3.808 38.940 2.9992
-3.915 39.811 3.0295
-4.035 40.787 3.0610
-4.174 41.928 3.0954
-4.290 42.877 3.1214
-4.376 43.586 3.1386
-4.442 44.110 3.1503
-4.493 44.525 3.1592
-4.515 44.705 3.1627
-4.555 45.028 3.1709
-4.604 45.545 3.1812
-4.758 46.903 3.2039
-5.225 50.473 3.2396
-6.044 57.277 3.2293
-7.293 67.713 2.9326
-8.802 81.456 2.0969
-9.804 94.078 1.0395
-10.26 102.07 0.2512
-10.54 106.78 -0.276
-10.63 107.94 -0.424
-10.49 104.41 -0.033
-10.04 96.879 0.7882
-9.773 93.365 1.1610
-9.779 93.451 1.1521
-9.821 94.050 1.0896
-10.02 96.898 0.7937
-10.40 103.08 0.1214
-10.68 109.29 -0.597
-10.91 116.17 -1.465
-11.00 120.17 -1.977
-11.00 120.40 -2.003
-11.00 120.43 -2.007
-10.98 119.20 -1.845
-10.90 115.74 -1.396
-10.79 111.98 -0.921
-10.66 108.67 -0.514
-10.48 105.00 -0.077
-10.25 100.54 0.4194
-9.880 94.787 1.0161
-9.421 88.839 1.5764
-9.013 84.385 1.9590
-8.637 80.520 2.2480
-8.143 75.381 2.5701
-7.371 68.243 2.9175
-6.408 60.175 3.1620
-5.419 52.119 3.2382
-4.518 44.764 3.1558
-3.762 38.689 2.9835
-3.159 33.572 2.7617
-2.647 29.164 2.5158
-2.119 24.540 2.2075
-1.695 20.560 1.9033
-1.719 20.737 1.9177
-13.66 -74.79 0.0912
-13.66 -74.79 0.0912
-13.67 -73.46 -0.554
-13.94 -69.65 -2.282
-14.75 -65.37 -4.008
-16.40 -60.54 -4.926
-18.32 -56.00 -5.656
-20.29 -53.10 -7.498
-21.31 -52.10 -9.541
-21.25 -52.01 -11.06
-21.02 -52.07 -12.62
-20.50 -52.29 -13.99
-20.12 -54.38 -14.47
-20.46 -60.55 -13.33
-21.23 -68.93 -11.52
-22.32 -80.92 -8.775
-22.61 -92.26 -5.542
-22.37 -97.74 -3.785
-22.24 -99.78 -3.151
-22.11 -101.2 -2.487
-21.93 -102.7 -1.659
-21.78 -103.6 -1.110
-21.62 -104.6 -0.830
-21.38 -105.5 -0.947
-21.06 -106.2 -1.197
-20.66 -106.6 -1.632
-20.19 -107.3 -2.130
-19.79 -108.4 -2.618
-19.32 -109.8 -3.178
-18.41 -110.3 -3.857
-16.87 -109.9 -4.603
-15.03 -107.8 -5.797
-12.86 -102.8 -6.713
-10.12 -94.28 -6.633
-7.915 -84.26 -6.463
-5.633 -72.28 -6.206
-3.160 -60.14 -5.309
-1.539 -48.59 -4.580
-1.064 -42.97 -2.990
-1.130 -43.07 -1.324
-1.311 -43.44 -0.669
-1.557 -43.95 0.1886
-1.806 -44.58 1.8118
-1.801 -45.53 3.6403
-1.266 -46.73 4.6581
1.0558 -48.97 5.1237
4.7521 -51.30 5.2299
9.0043 -51.37 3.6084
14.318 -48.99 -1.528
17.877 -46.01 -8.569
19.984 -43.07 -19.34
21.601 -40.22 -28.14
19.312 -35.04 -29.19
14.176 -30.19 -29.60
10.741 -29.61 -32.57
7.2523 -31.86 -36.81
3.5125 -34.90 -42.25
-0.594 -38.22 -50.86
-4.911 -42.51 -60.85
-8.866 -46.79 -64.04
-11.94 -51.23 -45.40
-15.39 -54.74 -17.90
-21.26 -55.79 -4.783
-28.16 -55.42 2.5853
-31.73 -57.42 9.7738
-31.85 -62.83 19.969
-29.41 -69.36 26.453
-24.73 -76.20 24.294
-19.38 -80.06 17.022
-16.00 -79.56 9.0887
-13.58 -76.78 0.4222
-10.55 -74.17 -3.560
-6.624 -72.52 -3.496
-2.153 -71.02 -1.390
2.5007 -69.14 1.1409
7.5174 -66.83 5.2051
12.311 -64.22 6.8194
17.127 -60.94 4.1448
21.586 -57.56 1.1728
23.189 -56.29 0.0151
19.407 -60.95 4.7767
10.827 -67.80 11.676
-0.807 -71.06 10.860
-11.41 -71.66 6.5911
-16.77 -70.78 4.8245
-19.54 -70.23 4.1342
-21.64 -69.63 3.4332
-24.01 -68.79 2.3375
-25.68 -68.00 1.3374
-26.16 -67.64 0.6931
-25.66 -67.74 0.5727
-24.94 -67.88 0.4258
-24.58 -67.58 -1.075
-24.31 -66.94 -3.994
-24.01 -66.42 -6.378
-23.57 -66.12 -7.925
-23.32 -66.02 -8.499
-23.32 -66.02 -8.499
-23.32 -66.02 -8.499
-23.32 -66.02 -8.499
-23.32 -66.02 -8.499
-23.32 -66.02 -8.499
-23.32 -66.02 -8.499
-23.32 -66.02 -8.499
-23.32 -66.02 -8.499
-23.32 -66.02 -8.499
-23.32 -66.02 -8.499
-23.32 -66.02 -8.499
-23.32 -66.02 -8.499
-23.32 -66.02 -8.499
-23.32 -66.02 -8.499
-23.32 -66.02 -8.499
-23.32 -66.02 -8.499
-23.32 -66.02 -8.499
-23.32 -66.02 -8.499
-23.32 -66.02 -8.499
-23.32 -66.02 -8.499
-23.32 -66.02 -8.499
-23.32 -66.02 -8.499
-23.32 -66.02 -8.499
-23.32 -66.02 -8.499
-23.32 -66.02 -8.499
-23.32 -66.02 -8.499
-23.32 -66.02 -8.499
-23.32 -66.02 -8.499
-23.32 -66.02 -8.499
-23.32 -66.02 -8.499
-23.32 -66.02 -8.499
-23.32 -66.02 -8.499
-23.32 -66.02 -8.499
-23.32 -66.02 -8.499
-23.32 -66.02 -8.499
-23.32 -66.02 -8.499
-23.32 -66.02 -8.499
-23.32 -66.02 -8.499
-23.31 -66.01 -8.497
-23.30 -65.96 -8.493
-23.30 -65.93 -8.472
-23.28 -65.88 -8.447
-23.25 -65.76 -8.481
-23.15 -65.59 -8.555
-22.58 -64.83 -8.920
-20.79 -63.19 -10.30
-17.96 -61.16 -11.79
-15.18 -59.32 -12.50
-12.16 -57.50 -13.06
-9.234 -55.68 -13.38
-6.402 -54.18 -13.41
-3.652 -52.69 -12.67
-1.143 -50.19 -10.88
1.4744 -46.03 -7.660
3.7064 -41.64 -3.353
5.0333 -37.94 0.9320
5.3436 -34.52 5.4494
4.9590 -32.49 9.6268
4.3108 -31.45 13.915
3.3912 -30.86 15.930
1.5423 -32.72 12.627
-1.564 -35.47 6.1485
-5.148 -36.16 0.2222
-9.295 -35.85 -6.344
-13.06 -34.44 -12.66
-16.55 -32.32 -18.81
-20.08 -29.80 -24.65
-23.28 -27.66 -29.32
-26.67 -25.66 -33.03
-28.57 -25.24 -34.32
-28.97 -26.51 -33.30
-28.82 -29.74 -30.54
-27.68 -35.65 -27.40
-24.97 -45.54 -23.73
-21.06 -55.75 -20.21
-16.56 -63.10 -18.79
-14.13 -66.02 -18.92
-13.20 -61.20 -19.02
-11.59 -50.42 -18.86
-12.85 -43.73 -18.90
-17.49 -40.65 -22.20
-23.68 -37.03 -29.69
-28.91 -33.94 -36.35
-37.28 -40.38 -39.51
-44.71 -54.43 -37.08
-45.88 -62.28 -32.61
-44.22 -67.51 -26.75
-42.30 -73.19 -20.78
-40.68 -80.81 -14.19
-38.41 -87.57 -8.730
-35.62 -92.39 -5.519
-32.88 -94.53 -4.346
-30.68 -95.12 -4.224
-28.93 -95.42 -4.436
-27.36 -95.58 -4.532
-25.86 -95.51 -4.560
-24.53 -95.02 -4.742
-23.27 -94.34 -4.926
-21.89 -93.52 -4.912
-20.90 -92.53 -4.780
-20.41 -91.68 -4.748
-20.17 -90.83 -4.725
-19.96 -89.57 -4.627
-19.69 -87.71 -4.470
-19.36 -85.59 -4.126
-18.73 -83.59 -3.510
-17.86 -81.87 -2.740
-17.01 -80.55 -1.965
-16.12 -79.53 -1.165
-15.34 -78.62 -0.475
-14.67 -78.11 0.4453
-14.12 -77.74 1.2967
-13.66 -74.79 0.0912
-17.39 -84.01 -95.79
-17.39 -84.01 -95.79
-17.39 -84.20 -95.74
-17.12 -84.82 -95.55
-16.33 -85.71 -95.31
-14.89 -86.89 -95.06
-12.94 -88.26 -94.79
-10.21 -89.75 -94.54
-8.719 -90.79 -94.20
-8.896 -91.22 -93.71
-9.220 -91.68 -93.27
-9.892 -92.49 -92.94
-11.41 -93.26 -92.54
-15.30 -93.66 -91.67
-21.62 -94.26 -90.12
-31.72 -95.87 -87.66
-41.44 -98.68 -84.15
-46.60 -101.0 -81.28
-49.42 -102.6 -79.48
-51.83 -104.4 -77.30
-54.31 -107.0 -74.05
-56.08 -109.3 -70.92
-57.49 -111.5 -67.72
-58.01 -112.4 -65.75
-57.99 -112.3 -65.13
-57.78 -111.3 -65.24
-57.19 -109.2 -66.37
-56.17 -106.3 -68.21
-54.48 -102.6 -70.76
-52.19 -98.70 -73.40
-49.51 -94.86 -75.52
-45.56 -91.05 -77.98
-40.79 -87.87 -80.46
-34.95 -85.27 -82.79
-26.89 -83.37 -84.79
-15.30 -81.62 -86.47
-3.190 -81.81 -86.73
6.3922 -84.21 -86.11
14.021 -87.03 -86.06
20.210 -89.53 -86.96
24.978 -91.74 -88.33
28.367 -93.21 -89.20
31.017 -93.45 -89.23
32.769 -91.77 -88.26
33.767 -89.28 -86.84
31.610 -84.22 -81.03
26.205 -79.71 -72.79
21.026 -79.79 -66.60
14.604 -83.11 -60.31
7.4797 -86.94 -54.48
0.5593 -93.53 -48.56
-8.217 -95.85 -44.15
-23.49 -89.56 -50.20
-39.33 -81.67 -64.44
-48.73 -74.66 -75.58
-54.40 -67.37 -86.97
-58.56 -59.03 -100.2
-62.25 -46.80 -115.9
-63.80 -33.78 -133.0
-63.93 -29.01 -149.4
-61.80 -42.78 -166.2
-54.24 -65.25 -167.8
-44.15 -81.40 -155.7
-31.99 -94.90 -146.1
-22.51 -104.2 -142.5
-15.87 -111.2 -142.8
-13.60 -113.8 -143.7
-16.59 -107.7 -157.0
-21.57 -94.85 -172.1
-23.07 -79.52 -176.1
-21.90 -62.63 -181.5
-22.35 -55.17 -183.8
-24.63 -54.51 -183.3
-26.39 -56.02 -181.3
-28.29 -58.12 -179.2
-30.84 -60.61 -176.9
-32.81 -63.53 -174.8
-33.79 -66.19 -173.5
-34.20 -68.51 -172.7
-34.05 -69.68 -172.5
-33.63 -70.20 -172.8
-33.10 -70.54 -173.2
-32.23 -69.92 -174.0
-31.04 -68.28 -175.3
-29.96 -66.51 -176.5
-28.86 -64.46 -177.7
-27.86 -62.80 -178.8
-27.00 -61.60 -179.6
-26.26 -60.74 -180.2
-25.50 -60.11 -180.8
-24.59 -59.54 -181.5
-23.84 -59.51 -181.9
-23.30 -59.85 -182.3
-22.74 -60.21 -182.6
-22.31 -60.52 -182.8
-22.00 -60.82 -182.9
-21.90 -60.95 -183.0
-21.90 -60.95 -183.0
-21.90 -60.95 -183.0
-21.90 -60.95 -183.0
-21.90 -60.95 -183.0
-21.90 -60.95 -183.0
-21.90 -60.95 -183.0
-21.90 -60.95 -183.0
-21.90 -60.95 -183.0
-21.90 -60.95 -183.0
-21.90 -60.95 -183.0
-21.90 -60.95 -183.0
-21.90 -60.95 -183.0
-21.90 -60.95 -183.0
-21.90 -60.95 -183.0
-21.90 -60.95 -183.0
-21.90 -60.95 -183.0
-21.90 -60.95 -183.0
-21.90 -60.95 -183.0
-21.90 -60.95 -183.0
-21.90 -60.95 -183.0
-21.90 -60.95 -183.0
-21.90 -60.95 -183.0
-21.90 -60.95 -183.0
-21.90 -60.95 -183.0
-21.90 -60.95 -183.0
-21.90 -60.95 -183.0
-21.90 -60.95 -183.0
-21.90 -60.95 -183.0
-21.90 -60.95 -183.0
-21.90 -60.95 -183.0
-21.90 -60.95 -183.0
-21.90 -60.95 -183.0
-21.90 -60.95 -183.0
-21.90 -60.95 -183.0
-21.90 -60.95 -183.0
-21.90 -60.95 -183.0
-21.90 -60.94 -183.0
-21.90 -60.93 -183.0
-21.91 -60.88 -183.0
-21.91 -60.71 -183.1
-21.91 -60.58 -183.2
-21.91 -60.40 -183.3
-21.91 -59.89 -183.6
-22.17 -59.22 -183.8
-24.01 -56.25 -184.5
-28.01 -48.99 -187.1
-31.96 -38.74 -192.0
-33.02 -28.12 -198.4
-32.09 -17.59 -205.4
-32.38 -9.249 -211.0
-33.50 -1.837 -215.6
-33.98 5.5112 -219.5
-33.74 13.029 -224.0
-35.72 21.965 -229.8
-38.56 32.376 -236.7
-38.71 41.318 -242.4
-37.87 49.216 -247.4
-36.24 56.671 -252.0
-33.10 65.601 -258.1
-31.02 70.030 -259.8
-30.50 68.776 -254.0
-29.83 65.416 -246.4
-30.15 60.395 -239.4
-31.23 53.243 -231.5
-32.09 46.725 -225.5
-32.61 41.042 -221.5
-33.21 35.821 -219.2
-34.21 32.107 -217.6
-36.14 30.228 -217.0
-38.99 29.895 -216.8
-41.93 30.419 -216.2
-45.17 31.821 -215.1
-48.40 31.525 -211.8
-52.27 27.012 -203.3
-54.80 18.219 -192.0
-55.22 8.5480 -182.3
-54.55 0.2312 -174.3
-53.33 -5.022 -170.6
-51.94 -8.117 -170.3
-50.81 -10.40 -169.4
-49.90 -12.69 -167.2
-49.29 -14.32 -165.5
-49.13 -14.83 -164.9
-50.86 -11.49 -167.3
-53.48 -5.159 -172.5
-54.87 -0.128 -177.3
-55.85 4.7176 -182.0
-56.87 8.4793 -185.5
-58.13 11.013 -187.6
-59.82 11.780 -187.4
-62.13 6.3683 -181.0
-63.79 -5.424 -168.7
-64.19 -16.01 -158.4
-63.46 -26.66 -148.5
-61.97 -36.16 -139.8
-59.94 -44.25 -132.4
-57.50 -51.00 -126.5
-54.92 -56.98 -121.4
-52.03 -62.85 -116.6
-49.65 -67.43 -113.1
-48.47 -70.22 -111.0
-48.12 -72.06 -109.7
-47.43 -74.12 -108.2
-46.43 -76.96 -105.9
-44.39 -79.19 -103.7
-40.77 -80.80 -101.8
-36.64 -82.52 -99.89
-32.58 -83.52 -98.55
-28.34 -83.68 -97.73
-24.72 -83.74 -97.07
-21.44 -83.80 -96.45
-18.72 -83.70 -96.04
-17.39 -84.01 -95.79
-1.200 20.226 -2.593
-1.200 20.226 -2.593
-1.235 20.999 -2.709
-1.310 22.909 -2.989
-1.365 24.475 -3.217
-1.397 25.432 -3.360
-1.409 25.783 -3.414
-1.382 24.975 -3.295
-1.353 24.167 -3.175
-1.358 24.288 -3.183
-1.395 25.350 -3.328
-1.471 27.931 -3.724
-1.555 31.610 -4.253
-1.630 37.578 -5.098
-1.555 46.689 -6.401
-1.050 61.076 -8.374
-0.168 75.526 -9.945
0.4958 84.126 -10.65
0.9786 89.562 -11.14
1.4818 94.850 -11.55
2.0855 101.06 -11.88
2.6162 106.35 -12.11
3.0523 110.65 -12.23
3.2926 112.91 -12.29
3.3798 113.75 -12.30
3.4155 114.09 -12.31
3.4196 114.13 -12.31
3.4135 114.07 -12.30
3.3613 113.56 -12.30
3.2315 112.33 -12.27
2.8470 109.17 -12.09
1.9928 100.29 -11.81
0.7987 86.473 -10.97
-0.598 68.457 -9.020
-1.541 50.485 -6.726
-1.623 28.716 -3.842
-1.036 16.817 -2.093
-1.192 20.171 -2.554
-1.475 28.131 -3.759
-1.632 37.089 -5.170
-1.553 47.829 -6.713
-1.189 58.382 -7.973
-0.643 68.399 -9.057
0.0392 78.303 -10.17
0.8123 87.684 -11.02
1.6741 96.920 -11.64
2.4350 104.59 -12.03
3.0969 111.14 -12.23
3.6304 116.23 -12.32
3.8069 117.86 -12.35
3.5672 115.51 -12.33
3.1484 111.51 -12.26
2.8078 108.23 -12.17
2.6396 106.59 -12.11
2.6499 106.82 -12.12
2.7865 108.28 -12.16
3.1429 111.47 -12.25
3.8715 117.90 -12.37
4.7270 126.31 -12.35
5.0401 129.80 -12.27
4.3185 123.23 -12.24
2.8442 109.29 -12.06
1.2628 91.917 -11.49
-0.363 72.222 -9.764
-0.882 64.478 -8.748
-0.876 64.603 -8.762
-0.826 65.462 -8.864
-0.019 76.944 -10.22
1.3741 93.698 -11.47
2.3209 103.66 -11.93
3.0530 110.74 -12.20
3.2878 112.86 -12.29
3.2713 112.70 -12.28
3.2212 112.22 -12.27
3.1580 111.61 -12.26
3.0790 110.85 -12.24
2.9987 110.07 -12.22
2.9376 109.48 -12.20
2.8895 109.02 -12.19
2.8579 108.71 -12.18
2.8408 108.54 -12.18
2.8387 108.51 -12.18
2.8572 108.70 -12.18
2.9012 109.12 -12.19
2.9520 109.62 -12.21
3.0124 110.21 -12.22
3.0598 110.67 -12.24
3.0921 110.98 -12.25
3.1134 111.17 -12.25
3.1250 111.28 -12.25
3.1319 111.35 -12.25
3.1326 111.36 -12.25
3.1278 111.31 -12.25
3.1162 111.21 -12.25
3.1058 111.11 -12.25
3.0983 111.04 -12.25
3.0948 111.01 -12.25
3.0948 111.01 -12.25
3.0948 111.01 -12.25
3.0948 111.01 -12.25
3.0948 111.01 -12.25
3.0948 111.01 -12.25
3.0948 111.01 -12.25
3.0948 111.01 -12.25
3.0948 111.01 -12.25
3.0948 111.01 -12.25
3.0948 111.01 -12.25
3.0948 111.01 -12.25
3.0948 111.01 -12.25
3.0948 111.01 -12.25
3.0948 111.01 -12.25
3.0948 111.01 -12.25
3.0948 111.01 -12.25
3.0948 111.01 -12.25
3.0948 111.01 -12.25
3.0948 111.01 -12.25
3.0948 111.01 -12.25
3.0948 111.01 -12.25
3.0948 111.01 -12.25
3.0955 111.01 -12.25
3.0955 111.01 -12.25
3.0955 111.01 -12.25
3.0955 111.01 -12.25
3.0955 111.01 -12.25
3.0955 111.01 -12.25
3.0955 111.01 -12.25
3.0955 111.02 -12.25
3.0955 111.02 -12.25
3.0955 111.02 -12.25
3.0962 111.02 -12.25
3.0962 111.02 -12.25
3.0962 111.02 -12.25
3.0962 111.02 -12.25
3.0969 111.02 -12.25
3.0969 111.02 -12.25
3.0983 111.03 -12.25
3.1017 111.06 -12.25
3.1045 111.08 -12.25
3.1065 111.11 -12.25
3.1134 111.21 -12.25
3.1353 111.42 -12.26
3.2637 112.63 -12.28
3.6188 116.00 -12.33
4.0335 120.02 -12.36
4.3528 123.12 -12.36
4.6186 125.69 -12.34
4.7071 126.55 -12.33
4.6796 126.32 -12.33
4.5595 125.17 -12.34
4.3384 122.95 -12.36
3.8543 118.18 -12.36
3.5048 114.94 -12.32
3.5048 114.95 -12.32
3.5075 114.97 -12.32
3.5130 115.04 -12.32
3.9497 119.06 -12.36
4.5698 125.20 -12.34
4.9056 128.53 -12.29
5.0320 129.71 -12.28
4.9653 129.12 -12.28
4.7504 127.07 -12.31
4.4545 124.08 -12.35
4.1022 120.67 -12.36
3.6366 116.31 -12.32
3.0838 110.92 -12.23
2.3807 103.96 -12.01
1.6652 96.783 -11.66
1.1502 91.437 -11.30
0.7526 86.887 -10.96
0.2981 81.337 -10.52
-0.285 73.741 -9.799
-0.788 66.165 -8.945
-1.140 59.401 -8.121
-1.277 55.980 -7.691
-1.297 55.472 -7.624
-1.305 55.261 -7.597
-1.305 55.238 -7.593
-1.302 55.324 -7.605
-1.275 56.054 -7.701
-1.202 57.831 -7.929
-0.847 65.111 -8.843
-0.154 75.772 -9.977
0.4484 83.407 -10.67
1.0486 90.269 -11.22
1.6604 96.791 -11.64
2.4583 104.77 -12.03
2.8806 108.92 -12.18
2.8181 108.37 -12.17
2.6190 106.38 -12.11
2.3299 103.48 -11.99
1.9467 99.669 -11.81
1.5554 95.639 -11.59
1.1921 91.776 -11.33
0.8247 87.688 -11.03
0.4251 82.989 -10.66
-0.037 77.182 -10.13
-0.451 71.441 -9.539
-0.720 67.298 -9.060
-0.912 63.900 -8.659
-1.132 59.440 -8.135
-1.376 53.180 -7.324
-1.551 46.224 -6.369
-1.617 39.351 -5.399
-1.581 33.461 -4.538
-1.501 29.169 -3.894
-1.421 26.080 -3.450
-1.340 23.675 -3.101
-1.249 21.409 -2.762
-1.182 19.820 -2.532
-1.200 20.226 -2.593
11.782 -56.99 2.4320
11.782 -56.99 2.4320
11.816 -57.77 2.5583
11.876 -60.00 2.9844
11.869 -62.50 3.5906
11.788 -65.18 4.3871
11.598 -67.80 5.3387
11.343 -69.69 6.3120
11.149 -71.08 7.1372
11.064 -71.99 7.7047
11.138 -72.61 8.0668
11.369 -74.02 8.2520
11.689 -76.04 8.4070
12.244 -78.81 8.4053
13.082 -82.89 8.0668
14.299 -89.42 7.3544
15.406 -95.65 6.4299
15.995 -99.02 5.7108
16.405 -100.6 5.3050
17.098 -101.0 4.9917
17.946 -101.2 4.4579
18.780 -101.4 3.6715
19.719 -101.8 2.7570
20.615 -102.2 1.8847
21.342 -102.6 1.2532
21.962 -103.0 0.7615
22.636 -103.8 0.3034
23.596 -105.2 -0.242
24.621 -106.9 -0.762
25.014 -107.6 -1.005
25.072 -107.4 -1.003
25.465 -105.7 -0.772
25.186 -101.3 0.0221
23.428 -92.66 1.7617
21.525 -82.73 3.8011
19.645 -71.17 5.9600
17.316 -60.22 8.6023
15.164 -53.07 12.032
13.350 -48.56 15.528
11.673 -45.61 18.083
10.294 -44.12 20.158
9.0916 -42.37 22.303
7.7662 -40.45 24.393
6.5910 -38.39 26.503
6.0826 -34.87 29.454
6.0677 -27.33 34.496
8.8473 -21.99 38.419
16.223 -21.14 39.893
27.886 -20.05 40.996
39.453 -19.44 41.749
53.647 -31.62 20.104
61.049 -46.48 -5.186
52.024 -44.91 -5.685
38.017 -43.62 -5.282
29.647 -43.52 -3.428
23.525 -43.54 1.4266
21.649 -43.71 6.2648
23.410 -44.27 9.8569
27.168 -45.81 13.223
28.870 -48.25 17.477
13.297 -51.86 25.259
-2.231 -53.49 30.038
-0.041 -50.66 29.007
4.4848 -43.08 25.110
6.3929 -36.11 18.849
4.6631 -30.58 6.7920
2.3523 -28.13 -1.250
1.9644 -33.45 -1.272
1.8769 -39.64 -1.422
1.5386 -40.67 -1.481
1.3042 -40.92 -1.447
1.2398 -41.47 -1.629
1.3752 -42.62 -2.751
1.7086 -44.03 -5.289
1.9859 -45.32 -8.024
2.1460 -46.60 -11.03
2.2599 -47.26 -13.55
2.3589 -47.33 -14.91
2.4200 -47.35 -15.62
2.4365 -47.35 -15.76
2.4331 -47.29 -15.53
2.4166 -47.09 -14.77
2.3886 -46.81 -13.58
2.3440 -46.42 -12.13
2.2945 -45.89 -10.73
2.2351 -45.29 -9.298
2.1443 -44.90 -8.039
2.0238 -44.70 -6.969
1.8769 -44.62 -6.038
1.7201 -44.61 -5.109
1.5484 -44.63 -4.064
1.3966 -44.64 -3.138
1.2893 -44.63 -2.433
1.2134 -44.59 -1.892
1.1573 -44.56 -1.479
1.1110 -44.54 -1.148
1.0979 -44.53 -1.043
1.0979 -44.53 -1.043
1.0979 -44.53 -1.043
1.0979 -44.53 -1.043
1.0979 -44.53 -1.042
1.0979 -44.53 -1.042
1.0979 -44.53 -1.042
1.0979 -44.53 -1.042
1.0979 -44.53 -1.042
1.0979 -44.53 -1.042
1.0979 -44.53 -1.042
1.0979 -44.53 -1.042
1.0979 -44.53 -1.042
1.0979 -44.53 -1.042
1.0979 -44.53 -1.042
1.0979 -44.53 -1.042
1.0979 -44.53 -1.042
1.0979 -44.53 -1.042
1.0979 -44.53 -1.042
1.0979 -44.53 -1.042
1.0979 -44.53 -1.042
1.0979 -44.53 -1.042
1.0979 -44.53 -1.042
1.0979 -44.53 -1.042
1.0979 -44.53 -1.042
1.0979 -44.53 -1.042
1.0979 -44.53 -1.043
1.0995 -44.53 -1.043
1.0995 -44.53 -1.043
1.0995 -44.53 -1.043
1.0995 -44.53 -1.043
1.0995 -44.53 -1.043
1.0995 -44.53 -1.043
1.0995 -44.53 -1.043
1.0995 -44.54 -1.043
1.0995 -44.54 -1.043
1.0995 -44.54 -1.043
1.0995 -44.54 -1.043
1.0995 -44.54 -1.043
1.1011 -44.54 -1.043
1.1061 -44.56 -1.040
1.1110 -44.59 -1.028
1.1177 -44.63 -1.013
1.1391 -44.64 -1.008
1.2629 -44.61 -1.127
2.0684 -44.36 -1.166
4.0045 -43.01 1.2347
6.3863 -40.60 6.3238
8.0616 -38.19 12.202
9.5323 -35.54 18.949
11.565 -33.22 23.450
15.116 -30.94 26.001
19.343 -28.87 27.421
21.035 -28.13 27.756
20.036 -29.04 21.315
18.432 -30.30 14.757
17.352 -30.69 14.676
16.477 -30.78 15.047
16.210 -31.10 15.907
17.829 -35.28 25.516
21.018 -41.87 33.591
24.034 -45.87 32.205
27.693 -49.45 30.819
32.108 -53.80 28.583
36.948 -58.49 25.464
40.789 -62.47 22.793
43.869 -65.83 20.963
46.122 -68.27 19.715
46.815 -69.00 18.586
46.430 -68.87 16.918
45.673 -68.65 14.127
44.998 -69.21 10.602
44.052 -71.47 5.8237
42.652 -74.66 -0.189
40.713 -79.33 -8.389
38.181 -83.51 -15.98
35.215 -85.15 -20.31
32.523 -84.97 -22.09
30.276 -83.96 -22.73
28.390 -82.65 -22.69
27.761 -82.01 -22.53
27.777 -81.88 -22.41
27.787 -81.83 -22.03
27.781 -81.82 -21.38
26.280 -81.68 -20.19
23.567 -81.75 -18.95
21.421 -82.25 -18.25
19.280 -83.04 -17.84
17.347 -83.99 -17.46
15.268 -85.47 -17.15
14.246 -86.37 -16.72
14.729 -85.99 -16.06
15.335 -85.10 -15.25
15.472 -84.15 -14.34
15.477 -83.05 -13.32
15.431 -81.83 -12.28
15.365 -80.60 -11.27
15.243 -79.26 -10.23
15.089 -77.67 -9.031
14.903 -75.67 -7.517
14.670 -73.65 -6.045
14.437 -72.21 -4.987
14.191 -71.01 -4.155
13.874 -69.41 -3.234
13.421 -67.11 -2.060
12.934 -64.57 -0.929
12.524 -62.07 0
12.212 -60.00 0.7126
12.014 -58.61 1.2212
11.922 -57.73 1.5496
11.857 -57.08 1.8005
11.790 -56.49 2.0211
11.757 -56.13 2.1609
11.782 -56.99 2.4320
-3.757 89.984 86.877
-3.757 89.984 86.877
-3.555 89.943 86.854
-2.794 89.794 86.774
-1.580 89.565 86.655
0.1388 89.258 86.489
2.2619 88.864 86.272
4.4800 88.418 86.022
6.4547 87.982 85.781
8.0831 87.617 85.605
9.3444 87.298 85.469
9.7287 87.016 85.317
9.6697 86.772 85.198
9.3882 86.491 85.081
8.7338 86.033 84.788
4.5504 85.652 84.310
-2.265 85.561 83.827
-7.249 85.466 83.435
-12.05 85.490 83.040
-17.66 85.895 82.462
-24.93 86.670 81.506
-31.99 87.530 80.463
-38.02 88.740 79.374
-40.64 89.980 78.442
-40.55 90.715 78.244
-40.38 91.503 78.867
-40.07 92.354 80.255
-39.10 93.222 82.420
-36.42 93.802 85.653
-32.24 93.825 89.121
-26.24 93.077 93.334
-19.20 92.346 95.940
-13.15 92.356 96.397
-7.288 92.713 96.731
-0.911 93.013 97.423
6.8599 93.410 99.099
13.822 93.396 101.88
18.770 91.895 105.07
20.486 89.668 107.49
20.022 87.765 108.62
18.765 85.803 109.10
16.904 84.315 109.79
14.526 83.614 110.97
11.534 83.383 112.31
8.6177 82.455 113.46
5.2467 80.101 114.75
3.3577 77.838 115.44
3.6031 76.730 115.27
4.4800 76.165 114.75
5.1839 76.010 113.85
5.6918 77.481 111.68
6.2093 80.849 108.02
5.6424 84.731 103.78
5.0888 88.946 99.601
5.8592 92.699 96.684
7.2309 96.290 94.701
8.7528 99.564 93.235
10.377 102.46 92.250
12.173 105.05 91.849
13.624 107.84 91.190
14.760 111.92 90.212
15.177 114.24 88.428
15.137 114.13 86.016
14.773 113.19 83.330
13.851 110.92 80.304
11.707 105.84 76.164
9.0610 98.978 73.217
7.4668 92.689 74.974
6.3044 87.105 78.905
5.0032 82.146 81.611
3.8466 78.051 84.085
3.2244 76.712 85.602
2.9904 77.219 86.442
2.9867 78.283 86.833
3.0418 78.898 86.907
3.0799 79.024 86.734
3.2093 79.027 86.237
3.3995 78.635 85.535
3.6049 77.720 84.631
3.7952 77.005 83.869
4.0044 76.657 83.299
4.1167 76.569 82.992
4.1414 76.679 82.882
4.1852 76.981 82.888
4.2061 77.379 82.944
4.1757 77.881 83.063
4.1395 78.343 83.200
4.1071 78.782 83.348
4.0672 79.192 83.518
4.0197 79.444 83.671
3.9607 79.559 83.821
3.9303 79.578 83.919
3.9226 79.379 83.937
3.8998 78.876 83.908
3.8789 78.446 83.883
3.8675 78.137 83.873
3.8617 78.002 83.869
3.8617 78.002 83.869
3.8617 78.001 83.869
3.8617 78.001 83.869
3.8617 78.001 83.869
3.8617 78.001 83.869
3.8617 77.999 83.869
3.8617 77.999 83.869
3.8599 77.998 83.869
3.8599 77.990 83.868
3.8580 77.982 83.868
3.8580 77.987 83.868
3.8599 77.997 83.869
3.8617 78.002 83.869
3.8617 78.002 83.869
3.8617 78.002 83.869
3.8617 78.002 83.869
3.8617 78.002 83.869
3.8617 78.002 83.869
3.8617 78.002 83.869
3.8617 78.001 83.869
3.8617 78.001 83.869
3.8617 77.999 83.869
3.8599 77.998 83.869
3.8599 77.990 83.868
3.8580 77.982 83.868
3.8580 77.983 83.868
3.8599 77.989 83.868
3.8599 77.995 83.869
3.8617 78.001 83.869
3.8617 78.002 83.869
3.8599 77.989 83.868
3.8580 77.976 83.867
3.8580 77.982 83.868
3.8599 77.996 83.869
3.8617 78.002 83.869
3.8617 78.002 83.869
3.8656 77.995 83.865
3.8751 77.980 83.856
3.9036 77.949 83.823
3.9550 77.900 83.748
4.0006 77.867 83.679
4.0501 77.827 83.592
4.1205 77.721 83.404
4.2118 77.518 83.076
4.3088 77.092 82.659
4.4401 76.381 82.215
4.4743 75.615 81.830
4.4002 74.993 81.609
4.3260 74.443 81.466
4.2689 74.045 81.233
4.1585 73.789 81.042
3.8561 73.716 80.835
3.3672 73.770 80.177
2.9334 76.544 78.519
2.7850 81.710 76.332
2.8573 85.983 74.581
3.1351 90.415 72.994
3.4242 94.804 71.581
3.9283 100.32 70.081
3.9683 103.34 69.312
3.0646 103.39 70.332
1.5713 103.19 72.440
-0.161 102.47 74.298
-2.237 101.22 76.359
-4.392 100.07 78.289
-6.431 99.283 79.948
-8.537 98.586 81.443
-11.02 97.610 83.162
-14.25 96.139 85.480
-17.40 94.526 87.788
-19.54 93.098 89.550
-21.18 91.760 90.924
-23.31 90.621 92.137
-26.08 89.637 93.452
-29.71 89.004 94.233
-34.49 88.673 94.590
-39.59 88.765 94.612
-44.25 89.152 94.272
-48.70 89.767 93.541
-52.54 90.374 92.582
-55.92 90.901 91.521
-58.71 91.399 90.258
-60.80 91.882 88.838
-62.21 92.299 87.180
-62.68 92.610 85.701
-62.85 93.001 84.663
-62.89 93.622 83.737
-62.84 94.494 82.582
-62.73 95.734 81.000
-62.58 97.081 79.356
-61.97 97.928 78.181
-60.72 98.292 77.496
-59.40 98.475 77.027
-57.83 98.451 76.798
-55.99 98.428 76.665
-54.16 98.485 76.536
-52.09 98.534 76.490
-49.09 98.480 76.599
-44.70 98.379 77.140
-39.82 98.135 78.171
-35.89 97.916 79.120
-32.25 97.606 80.181
-27.94 96.827 81.568
-22.22 95.706 83.255
-16.47 94.700 84.691
-11.87 93.748 85.635
-8.606 92.821 86.176
-6.568 92.114 86.485
-5.598 91.518 86.635
-4.951 91.024 86.736
-4.504 90.581 86.822
-4.436 90.236 86.871
-3.757 89.984 86.877
2.0988 3.1489 -3.341
2.0988 3.1489 -3.341
2.1622 3.3375 -3.371
2.3747 3.9913 -3.479
2.6751 4.9447 -3.645
3.0732 6.2136 -3.866
3.5348 7.7362 -4.144
3.9683 9.2570 -4.452
4.3541 10.675 -4.748
4.6472 11.905 -4.984
4.8816 12.979 -5.182
5.1453 13.828 -5.376
5.4506 14.575 -5.550
5.7803 15.106 -5.718
6.1320 15.240 -5.958
6.4897 13.449 -6.232
6.6448 11.687 -6.402
6.6241 11.701 -6.500
6.4482 11.830 -6.551
6.0294 12.147 -6.585
5.3603 13.119 -6.655
4.4322 14.128 -6.664
3.4224 14.473 -6.619
2.2367 14.637 -6.401
0.9033 14.741 -5.934
-0.560 14.762 -5.030
-2.060 14.732 -3.574
-3.923 14.804 -1.484
-5.872 14.838 1.1823
-6.660 14.404 3.5519
-5.722 12.148 5.9321
-5.000 7.5018 7.4874
-5.934 1.7056 7.8987
-7.918 -5.264 8.1026
-10.38 -11.17 8.6171
-14.32 -16.25 10.657
-16.89 -18.45 13.755
-16.90 -16.98 16.782
-16.87 -14.60 19.362
-16.91 -13.15 20.602
-17.06 -11.98 21.029
-17.55 -11.10 21.716
-19.15 -10.52 23.023
-21.62 -10.23 24.555
-22.68 -9.779 25.750
-18.75 -9.232 26.643
-12.16 -8.580 26.915
-7.109 -7.683 26.652
-2.490 -6.645 25.735
-0.397 -5.634 24.018
0.1231 -4.559 21.444
0.2208 -4.042 17.981
-2.163 -5.909 13.931
-6.057 -7.717 10.280
-8.919 -6.524 7.7647
-11.38 -3.392 5.9902
-12.08 0.0403 4.6437
-11.70 3.6618 3.6527
-10.45 7.7045 3.0695
-7.993 10.585 2.2207
-2.095 11.780 0.6856
4.8230 11.477 -1.621
9.4570 10.917 -4.182
12.836 9.9214 -7.111
13.753 8.2895 -10.26
12.858 3.7693 -14.56
9.1212 -1.394 -16.64
-2.648 -3.300 -13.58
-11.44 -3.480 -9.417
-11.03 -3.533 -6.957
-9.820 -3.616 -5.093
-8.435 -3.734 -4.035
-6.684 -3.986 -3.414
-4.685 -4.349 -3.126
-3.897 -4.502 -3.079
-4.495 -4.416 -3.182
-6.187 -4.146 -3.514
-8.563 -3.741 -4.022
-11.53 -3.214 -4.681
-13.98 -2.766 -5.242
-15.79 -2.416 -5.684
-16.68 -2.241 -5.903
-16.94 -2.201 -5.956
-16.97 -2.196 -5.964
-16.84 -2.229 -5.921
-16.45 -2.321 -5.804
-16.01 -2.421 -5.675
-15.54 -2.520 -5.549
-15.00 -2.629 -5.409
-14.51 -2.726 -5.285
-13.98 -2.825 -5.159
-13.71 -2.874 -5.098
-13.74 -2.863 -5.113
-13.83 -2.837 -5.146
-13.90 -2.814 -5.176
-13.95 -2.796 -5.196
-13.98 -2.789 -5.205
-13.98 -2.789 -5.205
-13.98 -2.789 -5.205
-13.98 -2.789 -5.205
-13.98 -2.789 -5.205
-13.98 -2.789 -5.205
-13.98 -2.789 -5.205
-13.97 -2.789 -5.205
-13.97 -2.789 -5.205
-13.96 -2.791 -5.205
-13.96 -2.793 -5.205
-13.96 -2.791 -5.205
-13.97 -2.789 -5.205
-13.98 -2.789 -5.205
-13.98 -2.789 -5.205
-13.98 -2.789 -5.205
-13.98 -2.789 -5.205
-13.98 -2.789 -5.205
-13.98 -2.789 -5.205
-13.98 -2.789 -5.205
-13.98 -2.789 -5.205
-13.98 -2.789 -5.205
-13.97 -2.789 -5.205
-13.97 -2.789 -5.205
-13.96 -2.791 -5.205
-13.96 -2.793 -5.206
-13.96 -2.791 -5.205
-13.96 -2.791 -5.205
-13.97 -2.791 -5.205
-13.98 -2.789 -5.205
-13.98 -2.789 -5.205
-13.96 -2.791 -5.205
-13.95 -2.793 -5.206
-13.96 -2.793 -5.205
-13.97 -2.791 -5.205
-13.98 -2.789 -5.205
-13.98 -2.788 -5.206
-13.97 -2.775 -5.210
-13.95 -2.747 -5.219
-13.89 -2.663 -5.256
-13.78 -2.527 -5.343
-13.71 -2.419 -5.417
-13.61 -2.305 -5.516
-13.34 -2.122 -5.745
-12.86 -1.871 -6.136
-11.82 -1.536 -6.675
-10.01 -1.039 -7.337
-8.006 -0.666 -7.965
-6.349 -0.562 -8.383
-4.875 -0.580 -8.694
-3.791 -0.648 -9.059
-3.034 -0.895 -9.324
-2.698 -1.700 -9.544
-2.711 -3.031 -10.22
-4.336 -5.075 -11.64
-7.056 -7.199 -13.33
-8.981 -8.571 -14.76
-10.75 -9.553 -16.10
-12.40 -10.53 -17.33
-14.29 -11.91 -18.72
-15.25 -12.66 -19.41
-14.43 -12.37 -18.29
-12.51 -11.20 -16.16
-10.29 -9.319 -14.34
-7.642 -6.859 -12.43
-5.254 -4.594 -10.67
-3.407 -2.550 -9.168
-1.826 -0.638 -7.815
0.1108 0.7752 -6.254
2.7948 1.6916 -4.246
5.4164 1.8325 -2.321
7.7084 1.5699 -0.966
9.6707 1.2457 0.0147
10.341 1.0959 1.0140
9.9417 1.1188 2.2290
8.8672 1.1963 3.2603
7.3421 0.8668 4.0284
5.6399 0.3257 4.3674
4.1636 0.0544 4.4220
2.7997 -0.107 4.3769
1.7129 -0.102 4.1754
0.9131 0.0808 3.8044
0.4234 0.8263 3.1572
0.0498 2.3559 2.3048
-0.185 5.2020 1.1503
-0.379 8.0622 0
-0.707 9.5002 -0.765
-1.133 10.154 -1.328
-1.763 10.663 -1.981
-2.713 11.038 -2.830
-3.733 11.512 -3.708
-4.484 12.612 -4.515
-5.110 13.935 -5.215
-5.677 15.171 -5.809
-6.189 16.403 -6.306
-6.794 17.499 -6.737
-7.468 18.618 -7.188
-8.226 19.624 -7.578
-9.163 20.056 -7.725
-10.56 20.045 -7.698
-11.61 19.242 -7.449
-11.97 17.946 -7.025
-12.27 16.101 -6.432
-12.57 13.340 -5.690
-12.02 8.9610 -4.604
-10.37 4.4178 -3.629
-8.516 1.0465 -3.080
-6.437 -0.394 -2.868
-4.516 -0.313 -2.890
-2.729 0.1883 -2.980
-1.202 0.7945 -3.082
0.2488 1.3920 -3.153
1.4601 2.1057 -3.210
2.0988 3.1489 -3.341
-0.582 3.4968 -1.596
-0.582 3.4968 -1.596
-0.581 3.5101 -1.610
-0.571 3.6216 -1.660
-0.549 3.8935 -1.738
-0.491 4.3348 -1.842
-0.368 5.0513 -1.975
-0.189 6.0431 -2.119
0.0120 7.1217 -2.257
0.1883 8.1123 -2.369
0.3559 9.0518 -2.464
0.5125 9.7549 -2.557
0.6362 10.259 -2.647
0.7468 10.533 -2.734
0.9285 10.587 -2.837
1.2012 9.6301 -2.964
1.4772 8.1881 -3.078
1.6984 7.4037 -3.157
1.8867 6.8922 -3.216
2.0575 6.7417 -3.271
2.2284 6.7317 -3.333
2.2995 6.7272 -3.362
2.1517 6.7406 -3.342
1.6742 6.7696 -3.210
0.9844 6.7328 -2.959
0.0909 6.6035 -2.478
-0.770 6.5088 -1.726
-1.724 6.5055 -0.670
-2.678 6.5367 0.6730
-3.036 6.4776 1.8838
-2.257 5.9750 3.0994
-1.496 5.0936 3.7072
-1.676 4.0561 3.7025
-2.209 2.9140 3.6685
-2.979 2.4950 3.6509
-4.381 2.5719 4.0920
-5.307 2.6844 5.1692
-4.674 3.5391 6.6135
-3.713 4.4886 7.9593
-3.160 4.6947 8.6269
-2.761 4.7705 8.9050
-2.641 4.7760 9.2476
-3.072 4.7961 9.7580
-3.997 4.8340 10.313
-4.430 4.8373 10.896
-2.977 3.7141 11.716
-0.579 2.3969 12.196
1.1793 2.0916 12.178
2.7003 1.9278 11.987
3.2248 1.8921 11.519
3.2094 2.5797 10.492
2.9160 3.5268 8.8135
1.4859 3.7598 6.7238
-0.498 4.0194 4.7327
-1.924 4.7058 3.3646
-3.131 5.7555 2.3931
-3.856 6.8587 1.6926
-4.243 8.0332 1.2585
-4.362 9.3003 1.1177
-4.336 10.250 0.8114
-3.598 10.787 0.2753
-2.415 10.869 -0.553
-1.532 10.782 -1.645
-0.760 10.381 -2.972
-0.528 9.4908 -4.423
-0.635 7.6878 -6.474
-0.837 5.8391 -7.657
-2.258 5.0279 -6.805
-3.553 4.9031 -5.358
-3.029 4.9265 -4.275
-1.748 4.9677 -3.258
-0.731 4.9666 -2.520
-0.142 4.9097 -2.039
0.2245 4.8328 -1.829
0.3209 4.8005 -1.799
0.1500 4.8217 -1.884
-0.340 4.8752 -2.142
-1.021 4.9532 -2.518
-1.877 5.0479 -2.995
-2.620 5.1059 -3.392
-3.230 5.1326 -3.690
-3.599 5.1449 -3.833
-3.745 5.1471 -3.872
-3.767 5.1426 -3.878
-3.729 5.1337 -3.851
-3.616 5.1204 -3.774
-3.486 5.1070 -3.691
-3.351 5.0936 -3.608
-3.195 5.0813 -3.514
-3.046 5.0725 -3.431
-2.888 5.0647 -3.345
-2.783 5.0602 -3.304
-2.748 5.0635 -3.312
-2.737 5.0725 -3.332
-2.725 5.0803 -3.350
-2.701 5.0847 -3.362
-2.688 5.0870 -3.366
-2.688 5.0870 -3.366
-2.688 5.0870 -3.366
-2.688 5.0870 -3.366
-2.689 5.0870 -3.366
-2.689 5.0870 -3.366
-2.689 5.0870 -3.366
-2.690 5.0880 -3.366
-2.690 5.0880 -3.366
-2.691 5.0880 -3.366
-2.691 5.0880 -3.366
-2.692 5.0880 -3.366
-2.692 5.0880 -3.366
-2.692 5.0880 -3.366
-2.693 5.0880 -3.366
-2.693 5.0880 -3.366
-2.694 5.0880 -3.366
-2.694 5.0880 -3.366
-2.695 5.0880 -3.366
-2.695 5.0880 -3.366
-2.695 5.0880 -3.366
-2.696 5.0880 -3.366
-2.696 5.0880 -3.366
-2.698 5.0880 -3.366
-2.698 5.0880 -3.366
-2.699 5.0880 -3.366
-2.699 5.0880 -3.367
-2.699 5.0880 -3.367
-2.700 5.0880 -3.367
-2.700 5.0880 -3.367
-2.700 5.0880 -3.367
-2.701 5.0880 -3.367
-2.701 5.0880 -3.367
-2.701 5.0880 -3.367
-2.702 5.0880 -3.367
-2.702 5.0880 -3.367
-2.702 5.0891 -3.367
-2.701 5.0936 -3.370
-2.698 5.1036 -3.373
-2.687 5.1337 -3.388
-2.660 5.1805 -3.426
-2.641 5.2151 -3.460
-2.614 5.2541 -3.503
-2.539 5.3232 -3.600
-2.417 5.4201 -3.766
-2.134 5.5683 -3.982
-1.606 5.7990 -4.219
-1.021 6.0163 -4.434
-0.543 6.1533 -4.569
-0.120 6.2336 -4.659
0.1883 6.2458 -4.776
0.4051 6.2147 -4.869
0.5059 6.0397 -4.977
0.5059 5.6263 -5.300
-0.303 4.8384 -6.068
-1.713 3.8489 -7.040
-2.758 3.0265 -7.817
-3.760 2.2331 -8.532
-4.704 1.3729 -9.173
-5.822 0.1159 -9.864
-6.400 -0.608 -10.19
-6.150 -0.252 -9.647
-5.541 0.4858 -8.556
-4.813 1.2558 -7.560
-3.936 2.1194 -6.479
-3.149 2.7713 -5.490
-2.537 3.2126 -4.657
-2.013 3.4555 -3.915
-1.392 3.4890 -3.087
-0.552 3.2694 -2.040
0.2486 2.8549 -1.064
0.9165 2.4872 -0.386
1.4520 2.0838 0.1110
1.6140 1.6169 0.5991
1.5308 1.0932 1.1576
1.3206 0.4290 1.6304
1.0074 -0.439 2.0012
0.6493 -1.331 2.1549
0.2792 -2.120 2.1737
-0.083 -2.835 2.1725
-0.238 -3.359 2.1350
-0.267 -3.709 2.0012
-0.279 -3.860 1.6844
-0.280 -3.880 1.2644
-0.103 -3.268 0.6871
0.0865 -2.365 0.1016
0.0810 -1.944 -0.267
0 -1.727 -0.526
-0.168 -1.677 -0.811
-0.418 -1.665 -1.177
-0.699 -1.653 -1.549
-0.909 -1.433 -1.897
-1.081 -1.045 -2.198
-1.240 -0.725 -2.446
-1.380 -0.406 -2.648
-1.517 -0.163 -2.808
-1.686 0.0134 -2.953
-1.853 0.1170 -3.058
-1.916 0.1426 -3.088
-1.855 -0.127 -2.999
-1.641 -0.421 -2.809
-1.317 -0.460 -2.623
-0.901 -0.489 -2.409
-0.512 -0.508 -2.187
-0.061 0.1772 -1.961
0.2125 1.4196 -1.778
0.2168 2.4850 -1.671
0.1391 3.2070 -1.620
0.0154 3.4878 -1.583
-0.143 3.6093 -1.568
-0.285 3.6294 -1.566
-0.420 3.5915 -1.565
-0.540 3.5023 -1.568
-0.582 3.4968 -1.596
0 11.120 0
0 11.120 0
0 11.120 0
0 11.120 0
0 11.120 0
0 11.120 0
0 11.120 0
0 11.120 0
0 11.120 0
0 11.120 0
0 11.120 0
0 11.120 0
0 11.120 0
0 11.120 0
0 11.120 0
0 11.120 0
0 11.120 0
0 11.120 0
0 11.120 0
0 11.120 0
0 11.120 0
0 11.120 0
0 11.120 0
0 11.120 0
0 11.120 0
0 11.120 0
0 11.120 0
0 11.120 0
0 11.120 0
0 11.120 0
0 11.120 0
0 11.120 0
0 11.120 0
0 11.120 0
0 11.120 0
0 11.120 0
0 11.120 0
0 11.120 0
0 11.120 0
0 11.120 0
0 11.120 0
0 11.120 0
0 11.120 0
0 11.120 0
0 11.120 0
0 11.120 0
0 11.120 0
0 11.120 0
0 11.120 0
0 11.120 0
0 11.120 0
0 11.120 0
0 11.120 0
0 11.120 0
0 11.120 0
0 11.120 0
0 11.120 0
0 11.120 0
0 11.120 0
0 11.120 0
0 11.120 0
0 11.120 0
0 11.120 0
0 11.120 0
0 11.120 0
0 11.120 0
0 11.120 0
0 11.120 0
0 11.120 0
0 11.120 0
0 11.120 0
0 11.120 0
0 11.120 0
0 11.120 0
0 11.120 0
0 11.120 0
0 11.120 0
0 11.120 0
0 11.120 0
0 11.120 0
0 11.120 0
0 11.120 0
0 11.120 0
0 11.120 0
0 11.120 0
0 11.120 0
0 11.120 0
0 11.120 0
0 11.120 0
0 11.120 0
0 11.120 0
0 11.120 0
0 11.120 0
0 11.120 0
0 11.120 0
0 11.120 0
0 11.120 0
0 11.120 0
0 11.120 0
0 11.120 0
0 11.120 0
0 11.120 0
0 11.120 0
0 11.120 0
0 11.120 0
0 11.120 0
0 11.120 0
0 11.120 0
0 11.120 0
0 11.120 0
0 11.120 0
0 11.120 0
0 11.120 0
0 11.120 0
0 11.120 0
0 11.120 0
0 11.120 0
0 11.120 0
0 11.120 0
0 11.120 0
0 11.120 0
0 11.120 0
0 11.120 0
0 11.120 0
0 11.120 0
0 11.120 0
0 11.120 0
0 11.120 0
0 11.120 0
0 11.120 0
0 11.120 0
0 11.120 0
0 11.120 0
0 11.120 0
0 11.120 0
0 11.120 0
0 11.120 0
0 11.120 0
0 11.120 0
0 11.120 0
0 11.120 0
0 11.120 0
0 11.120 0
0 11.120 0
0 11.120 0
0 11.120 0
0 11.120 0
0 11.120 0
0 11.120 0
0 11.120 0
0 11.120 0
0 11.120 0
0 11.120 0
0 11.120 0
0 11.120 0
0 11.120 0
0 11.120 0
0 11.120 0
0 11.120 0
0 11.120 0
0 11.120 0
0 11.120 0
0 11.120 0
0 11.120 0
0 11.120 0
0 11.120 0
0 11.120 0
0 11.120 0
0 11.120 0
0 11.120 0
0 11.120 0
0 11.120 0
0 11.120 0
0 11.120 0
0 11.120 0
0 11.120 0
0 11.120 0
0 11.120 0
0 11.120 0
0 11.120 0
0 11.120 0
0 11.120 0
0 11.120 0
0 11.120 0
0 11.120 0
0 11.120 0
0 11.120 0
0 11.120 0
0 11.120 0
0 11.120 0
0 11.120 0
0 11.120 0
0 11.120 0
0 11.120 0
0 11.120 0
0 11.120 0
0 11.120 0
0 11.120 0
0 11.120 0
0 11.120 0
0 11.120 0
0 11.120 0
0 11.120 0
0 11.120 0
0 11.120 0
0 11.120 0
0 11.120 0
0 11.120 0
0 11.120 0
0 11.120 0
-8.312 14.990 190.72
-8.312 14.990 190.72
-8.353 15.186 190.66
-8.497 15.954 190.38
-8.709 17.219 189.89
-8.996 19.057 189.16
-9.330 21.334 188.21
-9.620 23.738 187.14
-9.823 25.827 186.12
-9.957 27.378 185.32
-10.02 28.455 184.67
-10.04 28.770 184.19
-10.05 28.766 183.77
-10.16 28.728 183.46
-10.43 28.636 183.37
-11.09 27.314 183.80
-12.05 24.915 184.65
-12.89 23.053 185.41
-13.77 21.134 186.25
-14.70 18.789 187.09
-16.11 15.583 188.13
-16.76 12.541 188.77
-16.43 10.451 188.82
-16.15 9.1426 188.34
-15.00 8.7314 187.34
-12.09 9.1127 185.41
-8.726 9.1959 182.42
-4.459 8.5465 178.29
0.4367 7.6208 173.07
2.7009 7.2828 168.24
2.9044 7.3244 163.12
3.1011 7.4093 160.51
4.2638 8.6964 161.16
6.3792 11.275 162.55
8.1844 12.600 163.21
10.169 7.6657 161.29
12.284 -2.777 155.61
7.9399 -16.38 146.36
-0.121 -26.62 137.22
-4.226 -29.47 132.75
-6.400 -30.72 130.68
-6.863 -30.89 127.78
-5.653 -30.56 123.01
-2.148 -28.80 117.49
1.8717 -25.22 112.86
7.0728 -15.56 108.87
9.3416 -3.832 107.02
7.4819 4.3706 110.53
4.5484 10.977 120.73
1.2803 12.850 132.15
-3.013 10.919 144.60
-7.496 8.8862 156.08
-10.93 8.2868 162.37
-12.32 8.0187 166.44
-11.83 7.7107 171.09
-10.40 6.5718 175.49
-8.677 4.4489 179.71
-7.117 1.3220 184.73
-5.251 -2.817 189.63
-2.461 -6.756 191.44
2.0684 -10.93 190.86
6.3714 -13.44 189.24
9.0114 -13.66 188.09
10.742 -13.43 186.51
11.343 -13.98 181.76
10.449 -16.58 171.56
8.4979 -18.65 160.40
5.1853 -8.228 152.48
0.9469 8.7613 148.72
-2.141 20.183 149.87
-4.719 29.725 153.72
-6.626 33.818 157.15
-8.725 34.847 159.53
-10.91 35.112 161.29
-11.74 35.072 161.84
-11.23 34.620 161.79
-10.01 33.890 161.68
-8.274 33.373 161.57
-6.217 32.934 161.44
-5.394 32.786 161.29
-5.604 32.844 161.14
-5.982 32.970 160.91
-6.342 33.112 160.52
-6.546 33.250 160.10
-6.563 33.338 159.70
-6.570 33.378 159.33
-6.571 33.383 159.20
-6.492 33.367 159.21
-6.201 33.278 159.26
-5.743 33.094 159.39
-5.042 32.766 160.11
-4.307 32.411 161.24
-3.805 32.168 162.07
-3.430 31.983 162.84
-3.143 31.843 163.43
-2.912 31.733 163.88
-2.839 31.698 164.03
-2.836 31.698 164.03
-2.835 31.698 164.03
-2.835 31.698 164.03
-2.834 31.698 164.03
-2.834 31.698 164.03
-2.833 31.698 164.03
-2.833 31.698 164.03
-2.833 31.698 164.03
-2.833 31.698 164.03
-2.833 31.698 164.03
-2.832 31.698 164.03
-2.832 31.698 164.03
-2.832 31.698 164.03
-2.832 31.698 164.03
-2.832 31.698 164.03
-2.832 31.698 164.03
-2.832 31.698 164.03
-2.832 31.698 164.03
-2.832 31.698 164.03
-2.831 31.698 164.04
-2.831 31.698 164.04
-2.831 31.698 164.04
-2.831 31.698 164.04
-2.831 31.698 164.04
-2.831 31.698 164.04
-2.831 31.698 164.04
-2.831 31.698 164.04
-2.831 31.698 164.04
-2.831 31.698 164.04
-2.831 31.698 164.04
-2.831 31.698 164.04
-2.830 31.698 164.04
-2.830 31.698 164.04
-2.830 31.698 164.04
-2.829 31.698 164.04
-2.828 31.692 164.03
-2.820 31.633 164.01
-2.800 31.492 163.95
-2.743 31.107 163.78
-2.650 30.541 163.56
-2.556 30.070 163.38
-2.453 29.592 163.21
-2.342 29.048 163.09
-2.195 28.297 163.06
-2.092 27.714 163.08
-2.493 27.456 163.29
-3.366 27.309 163.68
-4.217 27.334 164.00
-5.211 27.711 164.33
-6.203 28.363 164.81
-7.106 29.068 165.15
-8.005 30.038 165.60
-9.067 31.612 167.03
-10.38 34.163 170.00
-11.77 36.880 173.53
-13.01 38.756 176.37
-14.21 40.228 178.99
-15.37 41.803 181.56
-16.83 44.174 184.67
-17.61 45.521 186.58
-17.38 45.403 186.95
-16.91 44.467 187.12
-16.39 42.376 187.05
-15.75 39.148 186.47
-15.12 35.992 185.79
-14.59 33.119 185.19
-14.08 30.258 184.48
-13.44 27.726 183.53
-12.61 25.454 182.18
-11.68 23.861 180.84
-10.87 22.982 179.93
-10.06 22.689 179.27
-9.028 22.546 178.60
-7.568 22.471 177.85
-6.117 22.542 177.12
-4.924 22.659 176.40
-4.398 22.669 175.79
-4.385 22.406 175.27
-4.498 21.780 174.88
-4.846 20.786 174.82
-5.435 19.647 174.97
-6.260 18.150 175.44
-7.089 16.020 176.33
-8.178 12.689 177.87
-8.631 9.5822 179.50
-8.349 7.9038 180.55
-8.070 7.0247 181.34
-7.668 6.6218 182.25
-6.857 6.4619 183.39
-5.834 6.5868 184.64
-5.015 6.7516 185.93
-4.296 7.0214 187.11
-3.698 7.3444 188.09
-3.184 7.7390 188.91
-2.601 8.2402 189.60
-1.988 8.7347 190.27
-1.319 9.3241 190.81
-0.403 10.289 190.95
0.9424 11.805 190.70
2.3263 13.571 190.05
3.4202 15.095 189.24
4.3250 16.577 188.20
4.8997 18.208 186.87
5.0842 20.295 184.93
4.9163 22.056 183.28
3.6958 22.720 182.64
1.4182 22.529 182.53
-0.749 21.706 183.18
-3.042 20.013 184.92
-4.931 18.406 186.64
-6.566 16.836 188.37
-7.834 15.288 190.15
-8.312 14.990 190.72
1.5694 18.116 9.6899
1.5694 18.116 9.6899
1.5548 18.282 9.6274
1.5100 18.971 9.4029
1.4547 20.164 9.0436
1.3692 21.913 8.5124
1.2733 24.194 7.8563
1.1910 26.754 7.1748
1.1368 29.192 6.5694
1.1221 31.060 6.1731
1.1523 32.577 5.9250
1.2149 33.996 5.6770
1.2921 35.314 5.5111
1.4078 36.510 5.3744
1.5527 37.955 4.8296
1.7487 39.906 3.6814
1.9218 41.832 2.1915
2.0208 43.243 0.8792
2.0698 44.369 -0.456
2.0584 45.521 -2.098
1.9739 46.885 -4.293
1.8363 48.049 -6.509
1.6674 48.856 -8.540
1.5704 49.132 -9.491
1.5892 48.994 -9.507
1.7321 48.425 -9.558
2.0604 47.445 -9.649
2.5348 46.100 -9.405
3.1895 44.328 -8.351
3.9715 42.510 -6.851
5.2810 40.249 -4.914
6.2026 39.035 -2.565
6.2703 39.104 0.1020
6.1546 39.378 2.7265
5.9357 40.077 3.7849
5.4780 45.065 2.8144
6.8438 54.623 2.0098
13.152 67.383 6.4210
17.759 75.072 13.390
16.987 72.321 18.354
14.339 65.853 22.905
10.422 61.436 26.540
6.1390 59.455 30.115
0.9835 58.487 33.171
-5.508 59.132 34.350
-18.34 67.035 32.900
-26.98 74.360 28.377
-25.65 73.388 23.196
-22.15 69.952 17.098
-18.82 64.837 11.591
-16.97 54.895 5.8450
-16.68 48.192 2.6914
-16.62 48.392 7.3349
-15.81 48.996 14.358
-12.19 49.793 17.981
-5.329 49.019 20.168
0 44.782 20.367
4.7117 35.819 17.866
9.8568 23.996 12.314
12.174 17.708 7.8212
9.8046 15.293 4.5327
7.0147 14.120 2.9003
6.7385 15.284 3.3943
5.8898 18.411 5.3431
4.8483 21.533 8.6061
-1.500 21.627 16.188
-8.187 22.464 28.668
-10.70 28.978 45.077
-10.88 33.906 54.448
-2.546 36.095 47.563
12.206 38.277 32.245
19.554 37.501 20.260
20.084 34.090 12.296
19.103 30.263 6.6261
17.173 28.224 4.7632
14.083 27.332 6.1516
12.110 27.166 9.5376
12.814 27.837 13.587
15.031 29.067 18.252
17.431 30.355 20.922
19.890 31.669 21.984
22.196 32.890 22.499
23.793 33.812 22.527
24.704 34.325 22.193
25.216 34.565 21.957
25.444 34.613 21.683
25.521 34.528 21.283
25.580 34.418 20.795
25.647 34.254 20.217
25.763 34.003 19.543
26.350 33.683 18.584
27.302 33.761 18.143
28.141 34.342 18.383
29.001 35.286 18.740
29.644 36.307 19.115
30.028 37.431 19.726
30.116 38.427 20.414
30.047 39.040 20.845
29.940 39.420 21.136
29.889 39.694 21.337
29.859 39.846 21.449
29.834 39.973 21.542
29.809 40.104 21.640
29.789 40.206 21.716
29.769 40.307 21.789
29.749 40.413 21.867
29.728 40.514 21.941
29.707 40.616 22.015
29.686 40.717 22.089
29.665 40.819 22.163
29.642 40.927 22.244
29.618 41.040 22.329
29.596 41.146 22.408
29.578 41.233 22.474
29.563 41.305 22.527
29.553 41.358 22.566
29.542 41.411 22.605
29.530 41.468 22.650
29.516 41.531 22.695
29.502 41.588 22.738
29.490 41.643 22.779
29.479 41.692 22.816
29.469 41.736 22.849
29.461 41.777 22.878
29.452 41.812 22.904
29.446 41.842 22.927
29.439 41.874 22.952
29.432 41.906 22.976
29.426 41.929 22.993
29.423 41.948 23.005
29.422 41.957 23.011
29.422 41.959 23.017
29.420 41.957 23.029
29.403 41.941 23.040
29.359 41.913 23.032
29.227 41.842 22.995
29.006 41.747 22.929
28.826 41.685 22.861
28.603 41.678 22.673
28.191 41.759 22.255
27.546 41.994 21.486
26.559 42.505 20.271
25.244 43.256 18.719
23.816 44.088 17.127
22.576 44.786 15.852
21.408 45.427 14.751
20.240 46.047 13.753
19.090 46.616 12.806
17.948 47.157 11.966
16.698 47.807 11.224
15.186 48.676 10.469
13.788 49.519 10.045
12.820 50.157 9.9321
12.118 50.664 9.8949
11.411 51.047 9.8891
10.573 51.422 10.100
9.8568 51.427 10.605
9.4095 50.738 11.209
9.2563 49.588 11.849
9.2719 48.406 12.376
9.4637 47.095 12.845
9.7067 45.899 13.304
9.9663 44.798 13.749
10.285 43.796 14.187
10.599 43.042 14.679
11.080 42.584 15.309
11.675 42.634 15.936
12.119 42.938 16.374
12.570 43.466 16.706
13.186 44.206 17.102
14.086 45.256 17.623
15.022 46.378 18.190
15.858 47.307 18.770
16.288 47.899 19.270
16.336 48.222 19.635
16.327 48.415 19.945
16.312 48.466 20.277
16.299 48.452 20.642
16.185 48.335 21.027
15.907 48.047 21.433
15.282 47.155 21.851
14.594 45.699 22.152
14.240 44.374 22.275
14.046 42.934 22.269
13.837 41.268 22.304
13.579 39.132 22.402
13.267 37.166 22.566
12.885 35.906 22.849
12.415 35.374 23.204
11.978 35.222 23.509
11.651 35.192 23.749
11.284 35.130 23.972
10.905 35.042 24.200
10.501 34.931 24.411
9.8828 34.678 24.575
9.0165 34.031 24.694
8.1074 33.113 24.647
7.3713 32.390 24.507
6.7020 31.666 24.251
5.9106 30.713 23.765
4.8837 29.450 22.999
3.8380 27.959 21.808
2.9216 26.374 20.262
2.2356 24.782 18.485
1.8040 23.277 16.661
1.5840 21.842 14.778
1.4703 20.595 13.154
1.4401 19.339 11.707
1.5298 18.245 10.498
1.5694 18.116 9.6899
70.135 -183.6 272.14
70.135 -183.6 272.14
70.168 -183.4 272.33
70.320 -182.6 273.15
70.580 -181.2 274.64
70.939 -179.0 -83.08
71.373 -175.9 -79.95
71.803 -172.2 -76.20
72.147 -168.4 -72.36
72.368 -165.3 -69.22
72.516 -162.5 -66.49
72.624 -159.7 -63.73
72.681 -157.1 -61.09
72.699 -154.4 -58.50
72.679 -150.8 -54.97
72.535 -145.5 -49.88
72.227 -140.0 -44.65
71.892 -136.0 -40.82
71.538 -132.7 -37.65
71.071 -129.1 -34.28
70.374 -124.8 -30.29
69.620 -121.0 -26.88
68.919 -118.1 -24.28
68.600 -116.9 -23.39
68.617 -117.2 -23.90
68.880 -118.6 -25.54
69.570 -121.6 -28.97
70.366 -126.4 -34.40
71.274 -133.6 -42.41
72.575 -142.2 -52.18
74.215 -154.5 -66.65
75.207 -168.9 -83.91
75.518 -181.1 261.57
75.742 168.34 248.90
75.933 160.10 238.92
76.224 154.05 231.59
77.106 150.68 227.54
78.766 149.95 226.51
80.577 151.10 227.90
81.739 151.44 228.87
82.599 151.49 229.80
83.473 148.62 227.58
84.337 142.98 222.34
85.050 131.96 211.68
85.363 109.70 189.83
83.106 79.610 159.85
78.316 68.729 148.30
73.780 67.158 145.63
69.042 68.020 144.98
64.583 68.602 144.01
59.559 69.163 142.61
56.811 68.965 141.35
56.602 68.300 141.07
56.476 67.767 141.28
56.250 66.944 141.15
55.981 65.933 140.94
55.631 64.367 140.41
55.312 62.934 139.97
54.867 61.088 139.32
53.782 57.172 137.52
51.488 50.091 134.21
48.663 43.297 131.38
46.623 39.325 129.99
45.104 36.639 129.15
43.801 34.519 128.57
42.619 32.739 128.27
41.848 31.586 127.92
41.346 30.756 127.43
41.205 30.454 127.21
41.170 30.372 127.15
41.157 30.344 127.12
41.153 30.339 127.12
41.151 30.333 127.11
41.149 30.333 127.11
41.147 30.328 127.10
41.146 30.328 127.10
41.144 30.328 127.10
41.144 30.328 127.10
41.142 30.328 127.10
41.142 30.328 127.10
41.142 30.328 127.10
41.142 30.328 127.10
41.147 30.333 127.11
41.153 30.339 127.12
41.151 30.333 127.11
41.146 30.328 127.10
41.142 30.328 127.10
41.142 30.328 127.10
41.144 30.328 127.10
41.146 30.333 127.10
41.147 30.333 127.11
41.149 30.333 127.11
41.151 30.333 127.12
41.153 30.339 127.12
41.153 30.339 127.12
41.153 30.339 127.12
41.153 30.339 127.12
41.153 30.339 127.12
41.153 30.339 127.12
41.153 30.339 127.12
41.153 30.339 127.12
41.153 30.339 127.12
41.153 30.339 127.12
41.153 30.339 127.12
41.153 30.339 127.12
41.153 30.339 127.12
41.153 30.339 127.12
41.153 30.339 127.12
41.153 30.339 127.12
41.153 30.339 127.12
41.153 30.339 127.12
41.153 30.339 127.12
41.153 30.339 127.12
41.153 30.339 127.12
41.153 30.339 127.12
41.153 30.339 127.12
41.153 30.339 127.12
41.153 30.339 127.12
41.153 30.339 127.12
41.153 30.339 127.12
41.153 30.339 127.12
41.153 30.339 127.12
41.153 30.339 127.12
41.153 30.339 127.12
41.153 30.339 127.12
41.153 30.339 127.12
41.153 30.339 127.12
41.153 30.339 127.12
41.153 30.339 127.12
41.153 30.339 127.12
41.153 30.339 127.12
41.153 30.339 127.12
41.153 30.339 127.12
41.153 30.339 127.12
41.153 30.339 127.12
41.153 30.339 127.12
41.153 30.339 127.12
41.153 30.339 127.12
41.153 30.339 127.12
41.153 30.339 127.12
41.199 30.273 127.07
41.505 29.828 126.75
42.533 28.208 125.57
44.068 25.505 123.51
45.372 22.825 121.40
46.597 19.754 118.93
47.642 16.464 116.17
48.515 13.234 113.40
49.204 9.8399 110.42
49.662 5.6982 106.71
49.825 0.2163 101.75
49.547 -5.056 97.009
49.066 -8.594 93.993
48.447 -11.15 91.895
47.705 -13.91 89.313
46.720 -17.24 85.908
45.780 -20.54 82.096
45.052 -23.74 77.790
44.779 -26.39 73.972
44.854 -28.23 71.523
45.063 -29.52 70.039
45.402 -30.74 68.765
45.693 -32.13 67.387
46.093 -33.44 66.035
46.979 -34.54 64.519
48.500 -35.47 62.866
50.498 -36.13 61.460
52.507 -36.09 60.702
54.912 -34.06 61.669
57.853 -29.76 64.766
61.483 -21.81 71.264
64.678 -10.18 82.003
66.353 2.5233 95.015
66.846 14.025 107.27
66.935 22.484 116.39
66.916 28.499 123.03
67.011 34.145 129.08
67.105 40.039 135.20
67.342 45.670 140.82
67.667 51.739 146.74
68.096 59.188 153.86
68.373 66.015 160.34
68.335 70.206 164.39
68.256 72.744 166.89
68.185 75.617 169.70
68.089 79.440 173.44
67.941 83.362 177.20
67.704 87.113 180.71
67.435 90.316 183.67
67.150 92.716 185.84
66.888 94.545 187.44
66.723 96.369 189.08
66.603 98.209 190.77
66.536 100.01 192.43
66.525 102.21 194.45
66.775 105.33 197.47
67.277 108.75 200.95
67.672 111.31 203.57
68.126 113.58 205.98
68.771 116.74 209.36
69.588 121.24 214.17
70.480 127.22 220.52
71.236 134.58 228.28
71.714 142.65 236.73
71.867 150.51 244.96
71.738 158.03 252.84
71.404 164.27 259.37
70.859 169.78 265.19
70.268 174.06 269.76
70.135 -183.6 272.14
-8.362 -57.44 102.45
-8.362 -57.44 102.45
-8.534 -57.41 102.08
-9.259 -57.04 100.62
-10.51 -56.06 98.157
-12.34 -54.50 94.495
-14.73 -51.92 89.742
-17.22 -48.30 84.384
-19.80 -43.89 79.140
-22.12 -39.26 74.646
-24.28 -34.25 70.606
-26.70 -29.11 66.944
-29.21 -23.59 62.990
-31.74 -17.74 58.572
-34.43 -12.24 53.808
-37.65 -6.210 48.218
-40.62 -2.446 43.854
-42.51 -1.598 41.850
-43.78 -2.323 41.418
-45.64 -4.685 41.780
-48.31 -9.254 43.222
-51.45 -15.86 45.939
-55.32 -22.40 48.396
-58.28 -31.62 53.932
-58.94 -44.17 63.309
-57.77 -57.85 74.036
-55.21 -69.27 83.293
-48.59 -77.10 91.411
-35.91 -78.11 95.500
-22.33 -73.97 94.241
-6.334 -68.85 90.072
14.239 -65.62 86.820
37.614 -60.09 90.796
63.900 -36.85 116.41
70.906 37.765 192.91
47.346 69.757 217.41
33.160 70.301 212.08
38.441 64.725 208.20
46.148 52.986 201.42
51.091 45.837 199.87
55.979 40.234 200.69
60.127 31.080 197.73
62.170 19.197 193.17
62.371 5.1824 186.49
59.118 -16.65 168.60
46.729 -42.06 142.58
31.838 -57.83 124.23
22.857 -67.44 112.06
17.879 -74.46 99.810
16.717 -76.67 89.256
17.617 -76.56 79.123
22.630 -75.92 71.756
35.392 -64.22 74.219
48.112 -39.11 96.780
50.657 -16.47 124.76
46.324 1.1788 151.97
39.830 11.185 174.94
31.493 15.716 194.42
21.739 15.076 209.10
14.523 12.144 220.64
9.2430 4.1055 232.71
3.8343 -5.245 237.44
0.3158 -10.26 236.01
-1.165 -13.48 235.59
-2.845 -14.61 234.72
-5.667 -14.66 229.29
-7.238 -12.60 220.08
-4.099 -7.420 213.23
-1.529 -1.294 207.17
-5.766 3.7537 197.54
-12.65 8.9248 184.30
-15.38 11.163 174.81
-14.79 11.051 168.96
-13.24 10.524 164.03
-11.71 9.4846 161.20
-10.37 7.6400 160.69
-9.042 5.3050 162.19
-7.829 3.1086 164.46
-6.714 0.8856 167.63
-5.728 -0.916 170.23
-4.805 -2.345 172.11
-4.336 -3.022 173.02
-4.214 -3.192 173.25
-4.198 -3.219 173.28
-4.281 -3.096 173.12
-4.521 -2.750 172.67
-4.783 -2.366 172.15
-5.038 -1.982 171.64
-5.325 -1.545 171.06
-5.581 -1.145 170.54
-5.839 -0.735 170.00
-5.964 -0.532 169.73
-5.942 -0.569 169.78
-5.884 -0.660 169.90
-5.836 -0.740 170.01
-5.801 -0.798 170.08
-5.785 -0.825 170.12
-5.785 -0.825 170.12
-5.785 -0.825 170.12
-5.785 -0.825 170.12
-5.785 -0.825 170.12
-5.785 -0.825 170.12
-5.785 -0.825 170.12
-5.785 -0.825 170.12
-5.785 -0.825 170.12
-5.785 -0.825 170.12
-5.785 -0.825 170.12
-5.785 -0.825 170.12
-5.785 -0.825 170.12
-5.785 -0.825 170.12
-5.785 -0.825 170.12
-5.785 -0.825 170.12
-5.785 -0.825 170.12
-5.785 -0.825 170.12
-5.785 -0.825 170.12
-5.785 -0.825 170.12
-5.785 -0.825 170.12
-5.785 -0.825 170.12
-5.785 -0.825 170.12
-5.785 -0.825 170.12
-5.785 -0.825 170.12
-5.785 -0.825 170.12
-5.785 -0.825 170.12
-5.785 -0.825 170.12
-5.785 -0.825 170.12
-5.785 -0.825 170.12
-5.785 -0.825 170.12
-5.785 -0.825 170.12
-5.785 -0.825 170.12
-5.785 -0.825 170.12
-5.785 -0.825 170.12
-5.785 -0.825 170.12
-5.788 -0.825 170.12
-5.823 -0.815 170.12
-5.903 -0.798 170.14
-6.516 -0.703 169.85
-8.014 -0.687 168.92
-9.722 -0.825 167.94
-11.86 -1.108 166.65
-14.58 -1.603 164.56
-19.01 -4.173 161.23
-22.65 -8.353 157.33
-23.73 -12.53 149.35
-23.97 -14.75 137.67
-21.71 -14.47 128.91
-15.38 -13.69 122.97
-8.448 -12.92 118.48
-1.912 -12.22 114.55
5.5776 -11.80 111.99
13.958 -12.07 110.12
24.657 -13.86 107.70
35.050 -16.88 105.35
41.873 -19.85 103.27
46.378 -23.79 100.39
50.455 -28.94 96.677
54.590 -36.01 91.168
57.409 -44.53 84.897
59.098 -52.67 79.566
59.124 -61.03 75.137
57.496 -70.38 70.573
54.858 -79.14 67.419
52.521 -85.47 67.154
51.464 -91.26 67.738
51.985 -97.29 67.684
53.192 -101.1 68.100
57.780 -99.51 71.880
64.003 -90.62 80.468
67.189 -78.86 91.184
68.182 -63.25 105.64
66.458 -47.07 120.54
61.806 -33.48 132.73
55.551 -25.24 138.74
49.542 -20.99 139.70
44.593 -18.59 138.24
40.823 -16.85 136.34
38.154 -15.56 134.04
36.761 -13.54 131.94
35.893 -10.76 130.07
35.452 -7.681 128.05
35.564 -4.738 125.61
36.720 -1.214 122.21
37.649 0.7469 119.48
37.097 -0.292 117.06
36.110 -3.576 113.48
36.110 -8.086 109.97
37.576 -14.51 106.01
39.558 -21.69 102.13
42.655 -27.20 99.454
45.095 -30.96 98.228
43.096 -33.43 98.341
37.068 -35.44 99.383
31.366 -37.75 100.77
26.934 -40.32 102.57
22.640 -43.23 104.84
18.744 -46.90 107.08
15.165 -52.00 109.50
12.381 -56.97 111.47
10.475 -60.33 112.66
9.2462 -62.75 113.25
7.9658 -64.66 113.63
6.5259 -66.31 114.14
4.8943 -67.01 114.85
2.8222 -66.74 114.86
0.6383 -65.73 113.68
-1.411 -64.45 112.07
-3.390 -62.82 109.88
-5.038 -61.31 107.81
-6.331 -59.83 106.11
-7.267 -58.40 104.60
-8.362 -57.44 102.45
-0.993 -13.72 5.7228
-0.993 -13.72 5.7228
-1.014 -13.86 5.7128
-1.087 -14.37 5.6725
-1.189 -15.09 5.6222
-1.338 -16.09 5.5567
-1.489 -17.13 5.4912
-1.607 -17.94 5.4409
-1.658 -18.27 5.4207
-1.658 -18.27 5.4207
-1.650 -18.21 5.4257
-1.631 -18.08 5.4358
-1.610 -17.94 5.4409
-1.575 -17.71 5.4559
-1.499 -17.19 5.4862
-1.367 -16.30 5.5466
-1.200 -15.15 5.6222
-1.063 -14.21 5.6825
-0.923 -13.24 5.7531
-0.718 -11.77 5.8689
-0.422 -9.676 6.0350
-0.058 -6.983 6.2616
0.3398 -3.998 6.5336
0.7493 -0.719 6.8558
1.1425 2.4621 7.1882
1.5304 5.7314 7.5507
1.9102 9.5284 8.0089
2.3303 14.170 8.6031
2.7748 19.370 9.3030
3.1438 23.744 9.9022
3.4050 27.560 10.451
3.4859 29.197 10.702
3.4751 29.060 10.682
3.4023 27.887 10.506
3.2327 25.043 10.088
2.5458 16.448 8.8649
1.2072 3.1023 7.2637
-0.931 -12.67 5.9344
-2.173 -21.67 5.2294
-2.173 -21.68 5.2294
-2.173 -21.68 5.2294
-2.175 -21.69 5.2294
-2.186 -21.76 5.2294
-2.267 -22.28 5.1991
-2.461 -23.57 5.1388
-2.924 -26.54 5.0179
-3.479 -30.10 4.8920
-3.810 -32.23 4.8215
-4.063 -33.82 4.7863
-4.430 -36.07 4.7711
-4.931 -39.20 4.7409
-5.591 -43.31 4.7611
-6.399 -48.37 4.8366
-7.280 -54.01 5.0078
-8.106 -59.38 5.2294
-8.931 -64.84 5.5416
-9.744 -70.81 6.0200
-10.57 -77.12 6.5688
-11.41 -83.91 7.2637
-12.18 -91.51 8.1751
-12.95 -100.9 9.4491
-13.56 -109.4 10.642
-13.89 -114.9 11.412
-13.98 -118.4 11.986
-14.03 -121.3 12.465
-14.11 -124.3 12.928
-14.11 -125.5 13.129
-14.10 -124.9 13.034
-14.08 -123.6 12.827
-14.05 -122.3 12.626
-14.02 -120.8 12.394
-13.99 -119.6 12.198
-13.97 -118.7 12.062
-13.95 -118.1 11.966
-13.91 -117.2 11.820
-13.85 -115.6 11.579
-13.79 -113.9 11.327
-13.73 -112.6 11.125
-13.67 -111.4 10.949
-13.62 -110.4 10.803
-13.57 -109.5 10.667
-13.55 -109.2 10.612
-13.57 -109.6 10.667
-13.61 -110.4 10.788
-13.66 -111.3 10.929
-13.71 -112.3 11.085
-13.74 -112.9 11.171
-13.75 -113.1 11.201
-13.75 -113.1 11.211
-13.75 -113.1 11.211
-13.75 -113.1 11.206
-13.74 -113.0 11.181
-13.73 -112.7 11.151
-13.72 -112.5 11.115
-13.72 -112.4 11.095
-13.71 -112.3 11.085
-13.71 -112.3 11.080
-13.71 -112.3 11.080
-13.71 -112.3 11.080
-13.71 -112.3 11.080
-13.71 -112.3 11.080
-13.71 -112.3 11.080
-13.71 -112.3 11.080
-13.71 -112.3 11.080
-13.71 -112.3 11.080
-13.71 -112.3 11.080
-13.71 -112.3 11.080
-13.71 -112.3 11.080
-13.71 -112.3 11.080
-13.71 -112.3 11.080
-13.71 -112.3 11.080
-13.71 -112.3 11.080
-13.71 -112.3 11.080
-13.71 -112.3 11.080
-13.71 -112.3 11.080
-13.71 -112.3 11.080
-13.71 -112.3 11.080
-13.71 -112.3 11.080
-13.71 -112.3 11.080
-13.71 -112.3 11.080
-13.71 -112.3 11.080
-13.71 -112.3 11.080
-13.71 -112.3 11.080
-13.71 -112.3 11.080
-13.71 -112.3 11.080
-13.71 -112.3 11.080
-13.71 -112.3 11.080
-13.71 -112.3 11.080
-13.71 -112.3 11.080
-13.71 -112.3 11.080
-13.71 -112.3 11.080
-13.71 -112.3 11.080
-13.71 -112.3 11.080
-13.71 -112.3 11.080
-13.71 -112.3 11.085
-13.71 -112.3 11.085
-13.72 -112.4 11.105
-13.73 -112.6 11.130
-13.74 -112.9 11.171
-13.76 -113.4 11.251
-13.81 -114.6 11.438
-13.85 -115.5 11.558
-13.81 -114.2 11.362
-13.65 -111.0 10.884
-13.39 -107.0 10.305
-13.06 -102.0 9.5800
-12.70 -97.15 8.9052
-12.27 -92.39 8.3010
-11.78 -87.69 7.7420
-11.39 -84.02 7.2989
-11.09 -81.36 6.9968
-10.98 -80.50 6.9213
-10.99 -80.55 6.9263
-11.05 -81.05 6.9767
-11.19 -82.25 7.1026
-11.48 -84.79 7.3795
-11.86 -88.40 7.7974
-12.31 -92.93 8.3614
-12.55 -95.51 8.6887
-12.54 -95.40 8.6686
-12.46 -94.47 8.5427
-12.25 -92.19 8.2607
-11.91 -88.64 7.7823
-11.30 -83.05 7.0975
-10.38 -75.63 6.4429
-8.931 -65.17 5.6725
-7.436 -55.03 5.0532
-6.364 -48.02 4.8165
-5.585 -43.22 4.7460
-5.354 -41.83 4.7561
-5.577 -43.23 4.7661
-5.879 -45.13 4.7812
-5.973 -45.72 4.7913
-5.987 -45.80 4.7913
-5.976 -45.74 4.7863
-5.919 -45.38 4.7812
-5.801 -44.64 4.7762
-5.631 -43.58 4.7611
-5.399 -42.12 4.7510
-5.133 -40.46 4.7460
-4.737 -37.99 4.7611
-4.500 -36.50 4.7711
-4.721 -37.87 4.7711
-5.189 -40.80 4.7611
-5.405 -42.16 4.7561
-5.060 -40.13 4.7157
-4.193 -34.58 4.7964
-2.690 -24.67 5.1841
-1.661 -18.29 5.4207
-2.202 -21.58 5.2948
-3.533 -30.06 4.9826
-4.696 -37.74 4.7561
-5.723 -44.29 4.7661
-6.698 -50.36 4.8920
-7.048 -52.54 4.9575
-6.959 -51.99 4.9373
-6.566 -49.46 4.8668
-5.957 -45.73 4.7359
-5.109 -40.59 4.6705
-4.061 -33.75 4.8114
-2.585 -23.97 5.2092
-1.103 -14.48 5.6675
-0.179 -8.098 6.1206
0.1002 -5.791 6.3674
0.0355 -6.285 6.3221
-0.147 -7.658 6.2012
-0.349 -9.138 6.0753
-0.570 -10.72 5.9494
-0.818 -12.48 5.8135
-0.993 -13.72 5.7228
18.710 -4.118 -84.58
18.710 -4.118 -84.58
18.876 -4.014 -84.38
19.430 -3.660 -83.70
20.195 -3.147 -82.70
21.258 -2.411 -81.28
22.343 -1.631 -79.77
23.150 -1.020 -78.57
23.515 -0.752 -78.05
23.591 -0.850 -78.21
23.685 -1.200 -78.71
23.809 -1.652 -79.35
23.960 -2.143 -80.04
24.141 -2.743 -80.90
24.337 -3.431 -81.87
24.571 -4.293 -83.06
24.767 -5.062 -84.13
24.872 -5.504 -84.74
24.925 -5.733 -85.06
24.963 -5.929 -85.33
24.996 -6.142 -85.63
25.015 -6.289 -85.84
25.004 -6.382 -85.96
24.989 -6.404 -86.02
24.993 -6.311 -86.06
25.057 -5.842 -85.95
25.211 -4.903 -85.76
25.407 -3.709 -85.53
25.679 -2.051 -85.18
26.074 0.2945 -84.69
26.610 3.6929 -83.95
27.141 7.3749 -83.08
27.616 10.909 -82.23
28.008 14.171 -81.40
28.132 15.339 -81.09
27.669 11.149 -82.02
26.199 0.7200 -84.54
22.976 -16.07 -88.12
20.590 -26.37 -89.20
20.587 -26.40 -89.21
20.587 -26.40 -89.21
20.587 -26.40 -89.21
20.587 -26.40 -89.21
20.587 -26.40 -89.21
20.587 -26.40 -89.21
20.587 -26.40 -89.21
20.587 -26.40 -89.21
20.587 -26.40 -89.21
20.587 -26.40 -89.21
20.587 -26.40 -89.21
20.575 -26.40 -89.19
20.500 -26.34 -89.05
20.176 -26.10 -88.42
19.381 -25.54 -86.86
18.397 -24.86 -84.94
17.123 -24.03 -82.52
15.457 -23.12 -79.50
13.701 -22.21 -76.44
11.564 -21.25 -72.87
8.3566 -20.25 -67.88
3.3701 -19.13 -60.58
-1.985 -18.48 -53.23
-5.792 -18.42 -48.13
-8.875 -18.83 -44.02
-12.40 -19.95 -39.47
-16.81 -21.92 -33.69
-21.26 -24.85 -27.70
-25.14 -28.34 -21.80
-28.38 -32.45 -17.11
-30.80 -36.67 -13.61
-32.58 -41.14 -10.33
-34.41 -46.42 -6.844
-36.63 -54.43 -2.557
-37.98 -63.72 1.7441
-38.15 -67.37 3.3651
-38.17 -67.26 3.4950
-38.34 -66.46 4.4302
-38.43 -62.97 4.4146
-37.91 -55.75 2.2636
-37.01 -48.99 0.4556
-36.38 -43.35 -0.713
-35.76 -38.60 -1.627
-35.13 -35.06 -2.152
-34.48 -33.30 -2.214
-33.82 -32.63 -2.012
-33.55 -32.35 -1.918
-33.51 -32.32 -1.908
-33.54 -32.37 -1.877
-33.65 -32.58 -1.788
-33.88 -32.92 -1.695
-34.30 -33.48 -1.586
-34.72 -34.04 -1.544
-34.92 -34.36 -1.627
-34.99 -34.52 -1.799
-35.03 -34.64 -1.944
-35.07 -34.75 -2.069
-35.08 -34.79 -2.126
-35.08 -34.79 -2.126
-35.08 -34.79 -2.126
-35.08 -34.79 -2.126
-35.08 -34.79 -2.126
-35.08 -34.79 -2.126
-35.08 -34.79 -2.126
-35.08 -34.79 -2.126
-35.08 -34.79 -2.126
-35.08 -34.79 -2.126
-35.08 -34.79 -2.126
-35.08 -34.79 -2.126
-35.08 -34.79 -2.126
-35.08 -34.79 -2.126
-35.08 -34.79 -2.126
-35.08 -34.79 -2.126
-35.08 -34.79 -2.126
-35.08 -34.79 -2.126
-35.08 -34.79 -2.126
-35.08 -34.79 -2.126
-35.08 -34.79 -2.126
-35.08 -34.79 -2.126
-35.08 -34.79 -2.126
-35.08 -34.79 -2.126
-35.08 -34.79 -2.126
-35.08 -34.79 -2.126
-35.08 -34.79 -2.126
-35.08 -34.79 -2.126
-35.08 -34.79 -2.126
-35.08 -34.79 -2.126
-35.08 -34.79 -2.126
-35.08 -34.79 -2.126
-35.08 -34.79 -2.126
-35.08 -34.79 -2.126
-35.08 -34.79 -2.126
-35.08 -34.79 -2.126
-35.07 -34.79 -2.121
-35.05 -34.80 -2.105
-34.98 -34.84 -2.090
-34.29 -35.06 -2.136
-32.52 -35.66 -2.344
-30.48 -36.22 -2.729
-27.95 -36.97 -3.415
-24.84 -38.56 -4.454
-20.71 -41.47 -6.885
-16.79 -44.58 -15.53
-14.43 -47.32 -32.29
-12.90 -48.07 -50.98
-11.17 -46.76 -65.05
-8.867 -44.64 -76.61
-6.033 -42.01 -86.35
-2.385 -39.26 -95.33
2.0434 -36.16 -102.2
5.9783 -32.40 -105.9
9.2611 -27.27 -105.0
11.567 -21.98 -100.7
12.660 -18.42 -96.92
12.743 -15.62 -92.73
13.327 -11.63 -88.53
13.934 -6.202 -83.00
16.761 1.3200 -79.02
23.685 14.455 -79.12
31.426 25.283 -82.67
38.870 29.974 -88.82
45.067 33.749 -96.90
47.980 33.340 -106.3
49.333 29.805 -116.5
50.151 24.121 -126.2
49.442 17.281 -133.0
46.348 9.3496 -136.0
42.398 2.9947 -135.0
39.439 -0.900 -133.1
37.167 -3.218 -130.3
36.454 -3.823 -127.2
36.948 -1.494 -123.8
37.883 2.8147 -119.4
38.833 6.3658 -114.2
39.620 9.6388 -108.8
40.050 12.278 -103.9
40.246 14.444 -99.26
40.186 16.506 -94.29
39.918 18.612 -89.07
39.417 20.564 -83.65
38.791 22.321 -77.83
37.860 23.903 -70.51
37.065 25.076 -64.84
37.351 26.379 -62.02
38.527 27.819 -60.20
39.119 28.398 -59.15
40.012 25.687 -60.30
40.642 19.386 -63.80
39.145 10.686 -67.68
36.895 5.3730 -69.62
35.719 6.2076 -69.91
34.800 9.0169 -70.68
33.579 11.340 -72.00
32.060 13.026 -73.63
30.307 14.368 -75.81
28.340 14.264 -78.69
25.848 12.486 -82.57
23.508 9.5296 -85.87
22.004 6.6440 -87.75
20.971 3.3602 -89.22
19.905 -0.610 -90.51
18.506 -6.022 -91.77
17.334 -10.83 -92.37
16.750 -13.18 -92.33
16.663 -13.65 -91.77
16.855 -12.84 -90.77
17.345 -10.71 -89.36
17.775 -8.706 -88.02
17.956 -6.911 -86.83
18.073 -5.149 -85.72
18.710 -4.118 -84.58
-71.01 173.47 86.353
-71.01 173.47 86.353
-71.03 173.67 86.144
-71.14 174.54 85.260
-71.32 176.09 83.667
-71.56 178.43 81.278
-71.85 181.63 78.022
-72.12 185.42 74.183
-72.32 189.23 70.328
-72.44 192.30 67.241
-72.51 194.93 64.600
-72.57 197.60 61.931
-72.60 200.15 59.377
-72.63 202.69 56.851
-72.65 206.15 53.418
-72.60 211.16 48.437
-72.43 216.41 43.242
-72.21 220.31 39.376
-71.98 223.62 36.114
-71.65 227.26 32.572
-71.14 231.71 28.271
-70.56 235.67 24.499
-70.00 238.79 21.528
-69.74 240.10 20.462
-69.86 239.77 21.000
-70.59 237.99 22.922
-72.09 233.96 27.310
-73.81 226.43 35.383
-75.64 213.53 48.948
-77.67 195.20 68.016
-78.82 164.88 99.687
-77.75 132.83 132.89
-76.47 106.60 159.30
-74.25 78.773 186.67
-69.64 60.093 204.58
-63.23 48.749 214.20
-57.74 43.131 217.92
-54.98 41.715 218.34
-54.45 41.682 217.97
-54.45 41.682 217.97
-54.45 41.682 217.97
-54.45 41.682 217.97
-54.52 41.715 217.94
-55.10 42.011 217.72
-56.50 42.780 217.13
-59.93 44.938 215.46
-65.59 50.001 210.93
-71.46 58.929 202.40
-77.16 78.152 183.49
-79.86 113.45 148.20
-76.96 155.57 105.20
-73.71 168.61 91.482
-73.71 168.61 91.482
-73.71 168.61 91.482
-73.71 168.61 91.482
-73.71 168.61 91.482
-73.71 168.61 91.482
-73.71 168.61 91.482
-73.71 168.61 91.482
-73.71 168.61 91.482
-73.71 168.61 91.482
-73.71 168.61 91.482
-73.71 168.61 91.482
-73.71 168.61 91.482
-73.71 168.61 91.482
-73.71 168.61 91.482
-73.71 168.61 91.482
-79.42 167.09 92.844
-88.60 153.66 106.02
-84.93 -6.955 266.44
-79.55 -8.509 267.86
-77.72 -8.613 267.92
-79.37 -8.185 267.53
-82.90 -7.032 266.48
-84.55 -6.241 265.74
-84.46 -6.302 265.79
-83.87 -6.670 266.15
-82.10 -7.422 266.85
-79.01 -8.278 267.62
-76.36 -8.817 268.09
-74.26 -9.080 268.29
-73.33 -9.146 268.34
-73.34 -9.146 268.34
-73.36 -9.146 268.33
-73.80 -9.097 268.29
-74.86 -8.981 268.21
-75.81 -8.877 268.13
-76.56 -8.773 268.05
-77.24 -8.668 267.97
-77.62 -8.613 267.92
-77.78 -8.597 267.91
-77.80 -8.591 267.90
-77.45 -8.646 267.95
-76.52 -8.778 268.05
-75.61 -8.899 268.15
-74.81 -8.992 268.21
-74.14 -9.064 268.27
-73.76 -9.108 268.30
-73.57 -9.130 268.32
-73.44 -9.140 268.33
-73.39 -9.146 268.34
-73.35 -9.151 268.34
-73.29 -9.151 268.34
-73.25 -9.157 268.34
-73.22 -9.157 268.34
-73.18 -9.162 268.34
-73.15 -9.162 268.35
-73.12 -9.168 268.35
-73.10 -9.173 268.35
-73.08 -9.179 268.36
-73.05 -9.179 268.36
-73.03 -9.179 268.36
-73.01 -9.179 268.36
-72.99 -9.179 268.36
-72.97 -9.179 268.36
-72.95 -9.184 268.36
-72.94 -9.184 268.36
-72.93 -9.184 268.36
-72.92 -9.184 268.36
-72.91 -9.184 268.36
-72.90 -9.184 268.36
-72.89 -9.184 268.36
-72.89 -9.190 268.36
-72.88 -9.190 268.36
-72.88 -9.190 268.36
-72.88 -9.190 268.36
-72.87 -9.190 268.36
-72.87 -9.190 268.36
-72.87 -9.190 268.36
-72.87 -9.190 268.36
-72.87 -9.190 268.36
-72.87 -9.190 268.36
-72.87 -9.190 268.36
-72.87 -9.190 268.36
-72.87 -9.190 268.36
-72.87 -9.190 268.36
-72.87 -9.190 268.36
-72.87 -9.190 268.36
-72.87 -9.190 268.36
-72.87 -9.190 268.36
-72.88 -9.333 268.49
-72.91 -10.32 269.37
-73.02 346.18 -87.51
-73.07 340.59 -82.54
-73.00 335.38 -77.92
-72.89 329.83 -72.98
-72.77 324.12 -67.92
-72.50 318.95 -63.34
-72.21 313.70 -58.70
-72.02 306.43 -52.37
-71.56 295.88 -43.21
-70.64 285.18 -34.02
-69.52 277.65 -27.72
-68.37 271.51 -22.76
-67.16 265.11 -17.65
-65.28 257.66 -11.82
-64.00 251.32 -6.864
-63.95 246.33 -2.866
-64.78 242.19 1.1315
-66.16 238.75 4.8549
-68.18 235.43 8.1060
-70.54 230.98 12.417
-72.63 225.39 18.002
-74.87 217.62 26.047
-77.76 201.57 42.709
-79.51 164.61 80.762
-76.48 128.37 118.33
-71.88 112.52 135.24
-67.28 104.02 144.74
-62.94 97.991 152.10
-58.81 92.906 159.27
-55.36 88.651 165.41
-52.41 84.994 169.87
-50.29 82.007 172.92
-48.64 79.860 174.78
-47.60 78.114 175.88
-47.32 76.197 177.29
-47.44 73.787 179.42
-48.11 70.998 181.99
-49.37 68.389 184.49
-51.55 65.611 187.50
-53.95 63.744 189.87
-55.50 63.909 190.15
-56.75 66.144 188.48
-58.34 69.460 185.84
-60.42 74.259 181.95
-62.55 80.403 176.76
-64.58 86.592 171.36
-66.28 92.730 165.74
-67.45 98.331 160.49
-68.32 103.34 155.75
-69.04 108.47 150.84
-69.57 113.84 145.66
-69.96 119.14 140.50
-70.31 124.89 134.84
-70.63 131.90 127.91
-70.84 138.33 121.52
-70.99 142.62 117.27
-71.19 145.61 114.25
-71.43 149.01 110.83
-71.69 153.45 106.38
-71.86 158.03 101.78
-71.83 162.28 97.517
-71.69 165.70 94.091
-71.53 168.14 91.652
-71.36 169.78 90.016
-71.22 171.03 88.780
-71.09 171.93 87.890
-70.99 172.40 87.418
-71.01 173.47 86.353
7.1125 -45.20 -78.96
7.1125 -45.20 -78.96
7.1215 -45.05 -78.80
7.1977 -44.35 -78.13
7.3635 -43.02 -77.01
7.6684 -41.04 -75.39
8.3588 -38.28 -73.42
9.4481 -34.97 -71.39
10.788 -31.40 -69.30
12.048 -28.09 -67.34
13.334 -24.85 -65.38
14.724 -21.50 -63.28
15.899 -18.00 -60.85
17.105 -14.38 -58.24
19.234 -10.76 -55.66
22.704 -6.085 -52.39
26.730 -3.111 -49.80
30.172 -2.515 -48.64
33.562 -2.022 -47.56
37.699 -1.431 -46.14
43.330 -2.378 -44.48
49.351 -5.043 -43.03
55.062 -6.577 -40.39
58.496 -10.09 -40.11
59.433 -16.46 -43.63
59.460 -24.67 -49.43
58.460 -34.17 -57.23
55.869 -41.50 -63.63
48.306 -45.68 -69.03
34.046 -50.60 -76.43
12.048 -63.88 -85.15
-5.883 -74.08 -89.65
-26.81 -71.55 -101.7
-61.40 -73.48 -122.1
-85.70 -36.09 -172.5
-66.50 59.964 -265.8
-52.87 63.576 -266.6
-57.18 63.366 -278.5
-65.27 63.354 -290.8
-71.55 64.489 -292.3
-77.96 67.699 -295.6
-85.36 77.568 -305.3
-86.68 -140.5 -85.24
-78.47 -122.5 -97.28
-66.25 -115.3 -96.18
-42.52 -109.6 -94.36
-27.02 -105.2 -88.79
-24.07 -95.20 -83.60
-13.00 -83.52 -81.74
-2.736 -77.25 -80.87
2.1588 -65.78 -79.69
5.9604 -52.26 -79.07
12.079 -45.90 -80.45
15.728 -42.04 -80.65
16.383 -38.03 -79.33
16.477 -35.01 -78.21
15.961 -32.10 -76.65
14.729 -29.25 -74.34
12.743 -26.62 -70.68
10.842 -23.46 -65.88
8.9236 -18.23 -59.23
7.6998 -15.06 -52.73
7.3456 -15.13 -48.47
7.1529 -15.91 -45.05
7.0183 -17.83 -40.94
7.6146 -22.24 -35.74
9.2195 -27.73 -30.48
11.895 -31.35 -25.57
13.334 -34.89 -21.36
7.1932 -39.75 -15.32
-4.511 -45.10 -5.998
-9.586 -47.55 -1.444
-6.287 -46.88 -5.687
2.1499 -45.69 -15.83
9.4526 -45.21 -23.88
13.644 -45.15 -28.25
16.863 -45.22 -30.50
20.386 -45.31 -32.14
23.717 -45.50 -33.67
26.357 -46.06 -35.08
28.541 -46.87 -36.17
29.370 -47.30 -36.31
29.240 -47.57 -36.03
28.859 -47.63 -35.71
28.285 -47.03 -35.17
27.519 -45.90 -34.36
26.725 -45.17 -33.76
25.967 -44.83 -33.38
25.264 -44.57 -33.05
24.672 -44.38 -32.75
24.049 -44.51 -32.51
23.654 -45.11 -32.45
23.587 -45.86 -32.51
23.659 -46.80 -32.64
23.704 -47.75 -32.77
23.677 -48.76 -32.87
23.627 -49.62 -32.95
23.587 -50.11 -33.00
23.551 -50.36 -33.01
23.529 -50.53 -33.03
23.520 -50.60 -33.03
23.511 -50.66 -33.03
23.506 -50.73 -33.04
23.497 -50.78 -33.04
23.497 -50.82 -33.04
23.493 -50.87 -33.04
23.488 -50.90 -33.05
23.484 -50.94 -33.05
23.479 -50.97 -33.05
23.479 -51.00 -33.05
23.475 -51.03 -33.05
23.475 -51.05 -33.05
23.475 -51.08 -33.05
23.470 -51.10 -33.05
23.470 -51.12 -33.05
23.470 -51.13 -33.05
23.470 -51.14 -33.05
23.475 -51.14 -33.05
23.475 -51.15 -33.05
23.475 -51.15 -33.05
23.475 -51.15 -33.04
23.475 -51.15 -33.04
23.475 -51.15 -33.04
23.475 -51.15 -33.04
23.475 -51.15 -33.04
23.475 -51.15 -33.04
23.475 -51.16 -33.03
23.475 -51.16 -33.04
23.475 -51.16 -33.04
23.475 -51.16 -33.04
23.479 -51.17 -33.04
23.479 -51.17 -33.04
23.479 -51.18 -33.05
23.488 -51.19 -33.06
23.506 -51.22 -33.11
23.600 -51.32 -33.26
23.896 -51.54 -33.58
24.475 -51.83 -34.07
25.201 -52.18 -34.66
25.447 -52.47 -34.97
25.371 -52.63 -34.47
25.044 -53.15 -34.07
16.611 -52.25 -29.06
2.9971 -51.79 -22.00
-6.148 -52.83 -20.28
-13.96 -54.49 -22.11
-19.78 -55.81 -24.69
-24.31 -56.91 -27.65
-27.04 -57.77 -31.81
-27.74 -58.02 -35.09
-26.59 -55.22 -39.14
-24.49 -50.60 -43.51
-23.10 -47.49 -46.20
-21.95 -44.72 -48.13
-21.08 -42.35 -49.94
-20.53 -40.17 -51.89
-20.49 -38.79 -53.81
-20.61 -38.21 -55.68
-21.18 -38.17 -57.83
-22.51 -39.45 -59.67
-24.81 -42.27 -60.82
-27.54 -43.93 -62.56
-30.58 -44.55 -64.74
-34.05 -45.33 -67.03
-37.38 -46.11 -70.18
-41.72 -44.86 -75.85
-44.77 -41.04 -84.23
-45.53 -37.74 -91.50
-46.04 -34.53 -97.93
-46.44 -30.77 -105.0
-45.24 -25.70 -114.3
-42.15 -21.19 -122.3
-38.79 -18.44 -127.1
-35.37 -17.20 -128.7
-32.45 -16.71 -128.8
-29.85 -16.62 -128.3
-27.73 -16.74 -127.7
-25.85 -17.23 -127.2
-24.43 -18.16 -126.5
-23.87 -18.86 -125.5
-23.80 -19.21 -124.0
-23.72 -19.31 -122.0
-23.04 -19.18 -120.1
-21.88 -18.64 -118.0
-21.33 -17.76 -115.2
-22.22 -16.15 -111.4
-26.43 -14.58 -107.0
-34.87 -13.45 -102.8
-43.71 -12.22 -99.71
-49.94 -11.62 -97.61
-54.51 -12.14 -95.75
-55.96 -13.38 -94.38
-55.68 -14.19 -93.78
-53.95 -15.14 -93.29
-50.34 -17.58 -91.89
-44.47 -22.97 -89.10
-36.49 -28.88 -86.92
-28.74 -33.16 -86.18
-20.58 -36.93 -86.24
-11.38 -39.67 -87.48
0.4149 -41.87 -90.00
10.927 -43.54 -92.38
17.239 -43.43 -93.37
19.216 -42.52 -92.31
18.427 -42.47 -90.17
16.230 -42.50 -87.42
13.881 -42.83 -84.95
11.169 -43.71 -82.65
8.2332 -44.93 -80.46
7.1125 -45.20 -78.96
6.5824 -13.48 -5.375
6.5824 -13.48 -5.375
6.5681 -13.43 -5.378
6.5134 -13.23 -5.383
6.4161 -12.87 -5.394
6.2759 -12.34 -5.415
6.0859 -11.63 -5.446
5.8697 -10.82 -5.480
5.6511 -9.997 -5.520
5.4683 -9.309 -5.554
5.3043 -8.683 -5.585
5.1238 -8.003 -5.627
4.9433 -7.310 -5.667
4.7533 -6.580 -5.714
4.5015 -5.614 -5.780
4.1522 -4.258 -5.880
3.7864 -2.844 -5.990
3.5251 -1.820 -6.071
3.3065 -0.957 -6.148
3.0215 0.1830 -6.258
2.6391 1.7132 -6.408
2.1830 3.5628 -6.607
1.6913 5.5658 -6.833
1.1734 7.7430 -7.101
0.6746 9.8579 -7.374
0.1709 12.030 -7.669
-0.377 14.539 -8.058
-1.019 17.600 -8.565
-1.717 21.021 -9.153
-2.287 23.870 -9.649
-2.743 26.280 -10.09
-2.917 27.279 -10.30
-2.888 27.126 -10.27
-2.636 25.790 -10.02
-2.033 22.547 -9.405
-0.527 15.294 -8.058
2.1283 3.7784 -6.631
5.6536 -10.05 -5.827
9.0101 -22.55 -5.268
10.969 -29.88 -5.113
12.041 -34.03 -5.520
12.920 -37.53 -5.937
13.846 -41.19 -6.208
14.535 -44.09 -6.531
15.122 -46.59 -6.828
15.742 -49.26 -7.151
16.013 -50.49 -7.322
16.017 -50.52 -7.325
16.020 -50.53 -7.325
16.020 -50.53 -7.325
15.749 -49.26 -7.141
14.948 -45.84 -6.744
13.735 -40.90 -6.266
12.492 -35.84 -5.806
11.618 -32.37 -5.559
10.936 -29.80 -5.451
10.402 -27.80 -5.381
9.9176 -25.94 -5.310
9.5707 -24.65 -5.289
9.4662 -24.27 -5.291
9.6111 -24.80 -5.294
10.003 -26.29 -5.336
10.428 -27.86 -5.367
10.969 -29.87 -5.423
11.779 -33.07 -5.625
13.019 -37.99 -5.998
14.402 -43.55 -6.489
15.730 -49.27 -7.162
16.457 -52.49 -7.598
16.547 -52.90 -7.658
16.573 -53.02 -7.674
16.611 -53.20 -7.700
16.666 -53.45 -7.737
16.730 -53.75 -7.779
16.851 -54.32 -7.863
17.058 -55.31 -8.010
17.293 -56.44 -8.184
17.502 -57.46 -8.346
17.697 -58.43 -8.507
17.842 -59.13 -8.622
17.913 -59.50 -8.680
17.937 -59.63 -8.701
17.951 -59.70 -8.714
17.970 -59.79 -8.730
18.032 -60.11 -8.785
18.113 -60.52 -8.853
18.146 -60.69 -8.882
18.143 -60.69 -8.882
18.129 -60.61 -8.869
18.094 -60.43 -8.838
18.029 -60.10 -8.783
17.930 -59.59 -8.698
17.823 -59.04 -8.607
17.702 -58.43 -8.504
17.571 -57.80 -8.402
17.426 -57.09 -8.286
17.300 -56.47 -8.189
17.224 -56.10 -8.134
17.186 -55.92 -8.105
17.160 -55.78 -8.086
17.148 -55.73 -8.079
17.141 -55.69 -8.073
17.129 -55.64 -8.065
17.122 -55.61 -8.058
17.115 -55.58 -8.052
17.110 -55.55 -8.050
17.105 -55.53 -8.047
17.103 -55.51 -8.044
17.098 -55.49 -8.042
17.096 -55.48 -8.039
17.091 -55.46 -8.036
17.089 -55.44 -8.034
17.086 -55.43 -8.031
17.084 -55.43 -8.031
17.086 -55.43 -8.031
17.086 -55.43 -8.031
17.086 -55.43 -8.031
17.086 -55.44 -8.034
17.086 -55.44 -8.034
17.089 -55.44 -8.034
17.089 -55.45 -8.034
17.091 -55.45 -8.036
17.091 -55.46 -8.036
17.093 -55.46 -8.036
17.093 -55.47 -8.036
17.093 -55.47 -8.039
17.096 -55.48 -8.039
17.096 -55.48 -8.039
17.096 -55.48 -8.039
17.098 -55.49 -8.039
17.098 -55.49 -8.039
17.098 -55.49 -8.039
17.096 -55.48 -8.039
17.093 -55.46 -8.036
17.089 -55.44 -8.034
17.084 -55.41 -8.031
17.082 -55.41 -8.029
17.084 -55.41 -8.031
17.096 -55.47 -8.039
17.124 -55.61 -8.060
17.193 -55.96 -8.113
17.611 -57.98 -8.433
18.626 -63.42 -9.397
19.723 -69.49 -10.52
20.381 -73.42 -11.30
20.754 -76.15 -11.90
20.842 -76.95 -12.09
20.726 -76.16 -11.92
20.486 -74.46 -11.55
20.376 -73.67 -11.38
20.395 -73.79 -11.41
20.414 -73.91 -11.43
20.412 -73.89 -11.43
20.395 -73.79 -11.41
20.360 -73.55 -11.36
20.220 -72.63 -11.17
20.108 -71.90 -11.01
20.125 -72.00 -11.03
20.141 -72.11 -11.06
19.913 -70.62 -10.74
19.205 -66.33 -9.881
18.291 -61.44 -9.016
17.338 -56.73 -8.241
16.191 -51.31 -7.416
14.832 -45.36 -6.686
13.029 -38.06 -5.982
11.445 -31.78 -5.554
10.556 -28.21 -5.402
10.107 -26.60 -5.338
10.017 -26.35 -5.333
10.057 -26.51 -5.338
10.100 -26.66 -5.344
9.8154 -25.59 -5.320
9.4401 -24.18 -5.289
9.3118 -23.70 -5.278
9.2595 -23.50 -5.275
9.2524 -23.48 -5.275
9.2548 -23.49 -5.275
9.2761 -23.57 -5.275
9.3237 -23.74 -5.281
9.4614 -24.23 -5.278
9.8985 -25.89 -5.325
10.817 -29.47 -5.493
12.010 -34.03 -5.722
12.509 -35.90 -5.811
12.345 -35.29 -5.617
11.226 -30.93 -5.512
7.5896 -17.42 -5.885
3.4443 -1.500 -6.103
1.0713 8.2986 -6.689
-0.420 14.776 -7.839
-0.819 16.592 -8.383
-0.351 14.486 -8.021
1.0879 8.1908 -7.101
2.9146 0.5894 -6.297
5.1903 -8.198 -5.714
7.6276 -17.41 -5.278
9.6206 -24.97 -5.178
11.397 -31.67 -5.520
12.986 -37.79 -5.956
14.701 -44.82 -6.605
15.523 -48.32 -7.041
15.459 -48.05 -6.994
15.012 -46.13 -6.776
13.991 -41.93 -6.360
12.364 -35.47 -5.817
10.784 -29.24 -5.436
9.0624 -22.69 -5.310
7.3045 -16.15 -5.338
6.5824 -13.48 -5.375
-15.37 -3.945 87.842
-15.37 -3.945 87.842
-14.53 -3.560 86.318
-11.58 -2.764 81.531
-7.192 -2.424 75.188
-0.780 -2.666 66.457
6.0244 -3.489 57.285
11.564 -5.389 50.218
14.029 -6.778 47.220
13.779 -7.096 47.851
12.822 -7.794 49.842
11.547 -8.639 52.350
10.061 -9.342 55.032
8.0698 -9.940 58.307
5.8451 -10.76 61.968
3.1260 -11.98 66.506
0.7753 -13.27 70.553
-0.492 -14.14 72.870
-1.163 -14.64 74.078
-1.725 -15.09 75.106
-2.329 -15.59 76.238
-2.738 -15.94 77.016
-3.007 -16.18 77.467
-3.080 -16.24 77.669
-3.077 -16.07 77.821
-3.094 -15.17 77.832
-3.145 -13.37 77.854
-3.170 -11.09 77.952
-3.208 -7.931 78.131
-3.424 -3.500 78.457
-3.901 2.8299 79.099
-4.604 9.5777 79.970
-5.554 15.946 80.846
-6.664 21.733 81.673
-7.115 23.776 81.966
-6.354 20.536 81.634
-4.958 11.301 80.285
-3.761 -6.048 78.088
-3.051 -17.38 77.587
-3.051 -17.40 77.587
-3.051 -17.41 77.587
-3.051 -17.41 77.587
-3.051 -17.41 77.587
-3.051 -17.41 77.587
-3.051 -17.41 77.587
-3.051 -17.41 77.587
-3.051 -17.41 77.587
-3.051 -17.41 77.587
-3.051 -17.41 77.587
-3.051 -17.41 77.587
-3.051 -17.41 77.587
-3.051 -17.41 77.587
-3.051 -17.41 77.587
-3.051 -17.41 77.587
-3.019 -17.67 77.217
-3.179 -18.74 75.950
-3.829 -20.63 74.138
-4.342 -22.90 71.946
-5.225 -25.98 69.296
-8.070 -30.32 67.137
-14.23 -37.31 65.379
-19.88 -44.54 66.826
-22.30 -48.76 69.829
-23.05 -50.85 71.380
-22.69 -51.53 71.951
-21.14 -51.18 75.351
-19.94 -50.55 81.183
-25.83 -53.51 89.697
-36.22 -57.86 96.921
-45.93 -57.28 95.142
-55.71 -52.60 87.145
-59.26 -49.41 82.353
-53.81 -51.78 87.189
-40.39 -55.33 96.181
-29.89 -57.07 101.87
-25.19 -56.76 104.52
-23.43 -56.51 106.65
-22.30 -57.13 108.74
-21.83 -57.40 110.01
-21.58 -57.57 110.98
-21.41 -57.78 111.87
-21.46 -57.93 112.41
-21.95 -57.80 112.68
-22.76 -57.46 112.65
-23.42 -57.21 112.52
-24.05 -56.97 112.16
-24.51 -56.75 111.77
-24.81 -56.57 111.43
-24.96 -56.46 111.09
-25.00 -56.46 110.79
-25.01 -56.50 110.50
-25.00 -56.61 110.27
-24.94 -56.85 110.14
-24.79 -57.20 110.11
-24.65 -57.55 110.05
-24.51 -57.92 109.95
-24.40 -58.24 109.84
-24.33 -58.43 109.76
-24.30 -58.52 109.72
-24.28 -58.59 109.68
-24.27 -58.61 109.67
-24.26 -58.63 109.66
-24.25 -58.66 109.65
-24.24 -58.68 109.65
-24.24 -58.69 109.64
-24.23 -58.71 109.64
-24.23 -58.72 109.62
-24.22 -58.74 109.62
-24.22 -58.75 109.61
-24.22 -58.75 109.61
-24.22 -58.75 109.61
-24.22 -58.75 109.61
-24.22 -58.75 109.61
-24.22 -58.75 109.61
-24.22 -58.75 109.61
-24.22 -58.75 109.61
-24.22 -58.75 109.61
-24.22 -58.74 109.61
-24.22 -58.74 109.60
-24.22 -58.74 109.60
-24.22 -58.74 109.60
-24.22 -58.74 109.60
-24.22 -58.74 109.60
-24.22 -58.74 109.60
-24.22 -58.74 109.60
-24.22 -58.74 109.60
-24.22 -58.74 109.60
-24.22 -58.74 109.60
-24.22 -58.73 109.60
-24.22 -58.73 109.60
-24.22 -58.73 109.60
-24.22 -58.73 109.60
-24.22 -58.73 109.60
-24.21 -58.75 109.61
-24.20 -58.77 109.64
-24.16 -58.84 109.75
-24.09 -58.95 110.04
-23.96 -59.06 110.37
-23.81 -59.20 110.79
-23.77 -59.30 111.45
-24.63 -59.46 112.66
-28.75 -57.25 112.93
-41.30 -45.95 107.61
-54.00 -24.11 92.036
-56.15 -0.650 73.828
-50.39 18.011 62.817
-43.64 23.935 63.394
-36.12 25.857 67.779
-27.98 27.493 72.756
-23.81 25.791 75.612
-22.89 15.584 79.279
-27.57 4.7790 82.641
-36.39 0.2604 82.102
-47.69 -3.665 80.280
-60.75 -5.916 78.387
-76.72 6.8270 66.375
-83.64 81.547 -5.439
-81.94 121.29 -42.28
-80.93 131.57 -50.83
-79.63 141.79 -61.49
-78.92 149.42 -69.49
-78.25 -205.0 -75.51
-77.52 -202.4 -79.25
-77.05 -201.0 -82.27
-76.56 -197.2 -87.44
-75.77 -190.8 264.97
-74.72 -182.3 255.94
-73.30 -173.2 247.37
-71.42 -164.3 239.66
-69.55 -156.9 233.16
-67.94 -148.6 225.27
-67.44 -142.4 218.64
-67.84 -139.4 214.26
-68.29 -137.5 210.82
-68.69 -136.8 209.22
-69.13 -137.0 208.95
-69.36 -137.4 208.98
-69.41 -137.7 208.97
-69.30 -138.3 209.37
-69.06 -139.3 210.08
-68.38 -140.2 211.46
-67.38 -140.1 212.97
-66.49 -138.9 214.71
-65.47 -137.4 216.71
-64.48 -135.8 216.70
-64.02 -134.5 215.52
-63.49 -129.7 211.10
-63.15 -102.2 186.04
-56.32 -69.20 156.88
-48.49 -55.54 147.07
-41.35 -47.35 142.76
-35.87 -40.77 139.03
-33.03 -32.85 132.26
-33.56 -22.37 121.20
-33.82 -12.34 110.81
-32.91 -2.616 100.67
-33.22 4.0873 94.435
-34.27 7.0082 93.265
-34.70 8.2216 93.499
-34.70 8.3863 93.864
-32.78 8.0624 94.936
-29.09 7.6780 96.709
-25.23 8.1667 96.562
-22.37 7.9251 94.941
-20.99 6.3768 93.695
-19.72 4.4551 92.564
-18.58 2.4401 91.595
-17.60 0 91.334
-16.92 -2.715 91.356
-15.37 -3.945 87.842
