97 frames
21 bones
8.9424 -0.176 38.908
8.9424 -0.176 38.908
8.8408 1.6363 38.846
8.7861 2.6636 38.763
8.7549 3.2769 38.666
8.7315 3.7652 38.478
8.7197 4.0387 38.209
8.7119 4.2145 37.861
8.7119 4.2457 37.662
8.7197 4.1090 37.783
8.7432 3.7535 38.010
8.7705 3.3043 38.224
8.8057 2.7613 38.404
8.8369 2.2144 38.521
8.8721 1.6285 38.635
8.9229 0.7886 38.724
8.9502 0.3042 38.748
8.9502 0.3042 38.748
9.0440 -1.281 38.763
9.0948 -2.168 38.752
9.1299 -2.715 38.685
9.1612 -3.238 38.556
9.1846 -3.606 38.385
9.2080 -3.875 38.174
9.2119 -3.965 38.017
9.1924 -3.836 37.947
9.1768 -3.524 37.881
9.1455 -3.121 38.111
9.0987 -2.606 38.502
9.0401 -1.902 38.701
9.0049 -1.496 38.763
9.0049 -1.496 38.763
8.9033 -0.211 38.826
8.8408 0.6128 38.806
8.7979 1.2573 38.744
8.7588 1.9683 38.674
8.7236 2.6285 38.568
8.7041 3.2496 38.416
8.6963 3.7535 38.217
8.6885 4.1637 37.986
8.6924 4.3121 37.795
8.6885 4.1793 37.681
8.6963 3.8434 37.677
8.7119 3.4215 37.982
8.7236 2.9097 38.408
8.7354 2.3707 38.654
8.7549 1.7808 38.799
8.7979 0.9878 38.904
8.8252 0.5464 38.939
8.8252 0.5464 38.939
8.9580 -1.074 38.924
9.0322 -1.992 38.873
9.0791 -2.566 38.775
9.1221 -3.109 38.619
9.1533 -3.488 38.416
9.1768 -3.770 38.146
9.1846 -3.863 37.990
9.1729 -3.762 38.084
9.1455 -3.457 38.263
9.1143 -3.051 38.431
9.0674 -2.492 38.584
8.9932 -1.586 38.705
8.9463 -1.031 38.752
8.9463 -1.031 38.752
8.8135 0.5972 38.787
8.7432 1.4800 38.775
8.7002 2.0660 38.728
8.6455 2.7300 38.646
8.6104 3.2848 38.549
8.5791 3.7262 38.404
8.5557 4.0231 38.209
8.5440 4.2418 37.998
8.5440 4.2965 37.826
8.5518 4.2145 37.736
8.5713 3.9606 37.748
8.5986 3.6129 38.021
8.6377 3.1129 38.334
8.6846 2.4761 38.470
8.7471 1.7417 38.607
8.8291 0.7417 38.717
8.8760 0.1714 38.744
8.8760 0.1714 38.744
8.9893 -1.352 38.744
9.0518 -2.164 38.721
9.0908 -2.656 38.650
9.1260 -3.156 38.513
9.1533 -3.520 38.338
9.1807 -3.785 38.131
9.1846 -3.875 37.994
9.1690 -3.754 37.939
9.1494 -3.453 37.877
9.1182 -3.066 38.088
9.0791 -2.566 38.463
9.0401 -2.066 38.658
9.0088 -1.504 38.779
8.9658 -0.668 38.877
8.9424 -0.176 38.908
2.2185 -11.64 88.701
2.2185 -11.64 88.701
-5.362 -11.77 89.689
-10.34 -13.08 90.234
-12.64 -11.89 90.709
-15.32 -11.89 91.156
-17.18 -11.98 91.506
-18.51 -11.99 91.778
-18.91 -12.01 91.882
-18.48 -11.98 91.816
-17.27 -11.94 91.609
-15.68 -11.88 91.320
-13.61 -11.83 90.938
-11.36 -11.72 90.480
-8.792 -11.67 89.967
-5.124 -11.69 89.296
-3.057 -11.53 88.930
-3.057 -11.53 88.930
3.4651 -11.46 88.052
5.9584 -11.58 87.752
9.4025 -11.41 87.376
11.611 -11.54 87.119
13.377 -11.37 86.994
14.594 -11.30 86.906
15.018 -11.37 86.863
14.568 -11.35 86.912
13.417 -11.42 87.026
11.907 -11.53 87.190
10.127 -11.48 87.452
7.7414 -11.56 87.828
6.2367 -11.54 88.085
6.2367 -11.54 88.085
1.5430 -11.60 88.865
-1.817 -12.84 89.165
-4.173 -11.66 89.716
-7.052 -11.64 90.169
-9.807 -11.71 90.616
-12.51 -11.73 91.064
-14.77 -11.78 91.429
-16.60 -11.80 91.691
-17.32 -11.83 91.784
-16.93 -11.80 91.718
-15.79 -11.78 91.527
-14.26 -11.72 91.282
-12.24 -11.69 90.955
-9.986 -11.60 90.589
-7.374 -11.59 90.180
-3.626 -11.66 89.607
-1.515 -11.50 89.301
-1.515 -11.50 89.301
5.2829 -11.46 88.445
7.8109 -11.77 88.096
11.504 -11.41 87.708
13.817 -11.38 87.441
15.722 -11.37 87.239
17.064 -11.27 87.119
17.514 -11.36 87.054
17.114 -11.29 87.130
15.896 -11.36 87.272
14.148 -11.33 87.501
12.008 -11.39 87.774
8.5531 -11.74 88.178
6.2628 -11.43 88.527
6.2628 -11.43 88.527
-0.260 -11.48 89.329
-4.179 -12.78 89.602
-6.516 -11.58 89.923
-9.383 -11.57 90.169
-11.87 -11.66 90.360
-14.06 -11.68 90.507
-15.70 -11.73 90.594
-16.92 -11.75 90.649
-17.34 -11.77 90.660
-17.01 -11.76 90.616
-15.94 -11.75 90.496
-14.46 -11.71 90.333
-12.38 -11.71 90.098
-9.850 -11.64 89.803
-6.902 -11.65 89.460
-2.834 -11.77 88.991
-0.579 -11.59 88.745
-0.579 -11.59 88.745
6.0425 -11.51 88.123
8.4197 -11.82 87.856
11.939 -11.43 87.577
14.041 -11.36 87.376
15.699 -11.38 87.196
16.821 -11.29 87.087
17.166 -11.35 87.026
16.847 -11.32 87.081
15.870 -11.39 87.196
14.467 -11.34 87.403
12.724 -11.47 87.605
10.556 -11.71 87.796
8.1240 -11.56 88.079
4.6248 -11.72 88.440
2.2185 -11.64 88.701
0.3076 -90.22 -86.08
0.3076 -90.22 -86.08
-1.668 -101.1 -86.89
-2.550 -107.5 -87.11
-3.099 -111.5 -87.25
-3.711 -115.3 -87.36
-4.240 -117.8 -87.43
-4.735 -119.7 -87.43
-4.983 -120.3 -87.42
-4.750 -119.6 -87.42
-4.313 -117.6 -87.38
-3.954 -115.1 -87.26
-3.484 -112.0 -87.08
-2.806 -108.7 -86.87
-2.036 -105.0 -86.61
-1.104 -99.79 -86.20
-0.572 -96.80 -85.91
-0.572 -96.80 -85.91
0.9875 -87.37 -84.92
1.7926 -82.15 -84.21
2.2222 -78.88 -83.79
2.7919 -75.63 -83.31
3.0216 -73.31 -82.98
2.9375 -71.65 -82.76
2.8890 -71.12 -82.72
2.7302 -71.79 -82.84
2.4668 -73.51 -83.16
2.3118 -75.65 -83.54
2.1530 -78.27 -84.01
1.8747 -81.88 -84.68
1.7103 -83.96 -85.05
1.7103 -83.96 -85.05
0.0162 -90.97 -86.09
-1.046 -95.61 -86.58
-1.864 -99.40 -86.91
-2.615 -103.6 -87.17
-3.344 -107.6 -87.36
-4.197 -111.5 -87.45
-4.933 -114.8 -87.45
-5.531 -117.6 -87.43
-5.798 -118.7 -87.42
-5.716 -118.1 -87.39
-5.351 -116.4 -87.37
-4.612 -113.9 -87.31
-3.644 -110.7 -87.16
-2.701 -107.3 -86.92
-1.761 -103.5 -86.63
-0.643 -98.30 -86.23
-0.030 -95.28 -85.95
-0.030 -95.28 -85.95
1.8953 -85.46 -85.02
2.9861 -79.98 -84.32
3.5577 -76.53 -83.87
3.9406 -73.14 -83.33
4.0937 -70.71 -82.94
4.2021 -68.90 -82.61
4.2170 -68.29 -82.50
4.2245 -68.86 -82.60
4.0713 -70.57 -82.94
3.7146 -72.93 -83.39
3.1075 -76.17 -84.00
1.9924 -81.39 -84.94
1.2957 -84.56 -85.41
1.2957 -84.56 -85.41
0.0666 -93.99 -86.59
-0.691 -99.31 -87.14
-1.227 -103.0 -87.52
-1.629 -107.1 -87.90
-1.931 -110.7 -88.21
-2.223 -113.8 -88.43
-2.486 -116.1 -88.57
-2.789 -117.9 -88.68
-2.955 -118.5 -88.73
-2.990 -118.1 -88.70
-2.966 -116.5 -88.62
-2.736 -114.3 -88.50
-2.400 -111.1 -88.29
-2.103 -107.4 -87.99
-1.696 -103.1 -87.61
-0.884 -97.25 -87.04
-0.338 -93.90 -86.63
-0.338 -93.90 -86.63
0.7801 -84.50 -85.43
1.3947 -79.40 -84.66
1.7216 -76.28 -84.17
1.9961 -73.23 -83.61
2.1680 -71.09 -83.18
2.3547 -69.52 -82.81
2.4370 -69.01 -82.68
2.3604 -69.52 -82.81
2.1960 -71.00 -83.15
2.0447 -72.95 -83.55
1.8374 -75.56 -84.04
1.5665 -78.50 -84.55
1.2116 -81.97 -85.09
0.6382 -87.16 -85.76
0.3076 -90.22 -86.08
-0.137 3.8820 0.2278
-0.137 3.8820 0.2278
-0.229 4.9389 0.3515
-0.233 4.9606 0.3535
-0.238 4.9854 0.3549
-0.251 5.1527 0.3707
-0.272 5.4472 0.4002
-0.310 5.8749 0.4435
-0.333 6.1322 0.4702
-0.308 5.8439 0.4366
-0.278 5.5123 0.4022
-0.275 5.4844 0.4015
-0.273 5.4565 0.4009
-0.259 5.2488 0.3789
-0.241 4.9854 0.3480
-0.229 4.8490 0.3336
-0.224 4.8087 0.3295
-0.224 4.8087 0.3295
-0.210 4.6444 0.3110
-0.171 4.1857 0.2581
-0.120 3.5937 0.1901
-0.081 3.1319 0.1372
-0.067 2.9676 0.1187
-0.084 3.1752 0.1420
-0.113 3.5348 0.1811
-0.141 3.8447 0.2141
-0.154 3.9997 0.2306
-0.142 3.8726 0.2203
-0.117 3.5906 0.1928
-0.084 3.1846 0.1454
-0.065 2.9335 0.1159
-0.065 2.9335 0.1159
-0.176 4.2508 0.2724
-0.246 5.0969 0.3700
-0.288 5.6332 0.4297
-0.308 5.9183 0.4592
-0.325 6.1508 0.4826
-0.368 6.6436 0.5375
-0.415 7.1736 0.5966
-0.461 7.6881 0.6495
-0.483 7.9392 0.6748
-0.483 7.9144 0.6714
-0.477 7.7408 0.6501
-0.414 7.0124 0.5726
-0.311 5.9400 0.4579
-0.238 5.0815 0.3617
-0.176 4.3282 0.2759
-0.117 3.5844 0.1921
-0.089 3.2403 0.1530
-0.089 3.2403 0.1530
0.0214 1.7649 -0.019
0.0970 0.7421 -0.138
0.1286 0.3547 -0.185
0.1341 0.3547 -0.188
0.1348 0.3547 -0.188
0.1210 0.4291 -0.184
0.1080 0.5004 -0.179
0.1190 0.4167 -0.188
0.1300 0.3361 -0.197
0.1155 0.5376 -0.170
0.0750 1.1017 -0.098
0 2.1338 0.0232
-0.053 2.8033 0.1008
-0.053 2.8033 0.1008
-0.084 3.1101 0.1338
-0.120 3.5875 0.1914
-0.147 3.9502 0.2333
-0.154 4.0276 0.2395
-0.159 4.0834 0.2450
-0.174 4.2446 0.2622
-0.195 4.4832 0.2889
-0.227 4.8242 0.3253
-0.258 5.1652 0.3617
-0.279 5.4410 0.3906
-0.287 5.5588 0.4022
-0.281 5.5154 0.4022
-0.275 5.4720 0.4015
-0.289 5.6332 0.4222
-0.303 5.7912 0.4421
-0.271 5.4503 0.4036
-0.240 5.1094 0.3658
-0.240 5.1094 0.3658
-0.204 4.6785 0.3198
-0.173 4.3469 0.2869
-0.159 4.2105 0.2738
-0.163 4.2074 0.2731
-0.169 4.2074 0.2724
-0.163 4.1175 0.2574
-0.159 4.0276 0.2436
-0.159 4.0772 0.2478
-0.160 4.1237 0.2526
-0.149 4.0028 0.2429
-0.137 3.8820 0.2319
-0.137 3.8820 0.2299
-0.137 3.8820 0.2285
-0.137 3.8820 0.2278
-0.137 3.8820 0.2278
-6.134 -59.78 -1.546
-6.134 -59.78 -1.546
-7.459 -59.99 1.4666
-8.222 -59.90 3.2456
-8.680 -59.84 4.4015
-9.008 -59.89 5.4316
-9.197 -60.03 6.1308
-9.371 -60.23 6.6406
-9.434 -60.36 6.7982
-9.289 -60.23 6.5521
-9.000 -60.08 5.8848
-8.739 -60.07 4.9980
-8.447 -60.08 3.9235
-8.141 -59.99 2.8632
-7.805 -59.94 1.7321
-7.309 -60.01 0.1691
-7.018 -60.05 -0.717
-7.018 -60.05 -0.717
-6.006 -60.03 -3.424
-5.478 -60.05 -4.905
-5.171 -60.05 -5.804
-4.865 -60.00 -6.647
-4.650 -59.98 -7.233
-4.495 -60.13 -7.691
-4.457 -60.34 -7.844
-4.536 -60.44 -7.660
-4.704 -60.46 -7.155
-4.891 -60.33 -6.479
-5.095 -60.07 -5.620
-5.344 -59.76 -4.385
-5.480 -59.58 -3.661
-5.480 -59.58 -3.661
-6.160 -60.01 -1.521
-6.656 -60.30 -0.147
-7.083 -60.48 0.9603
-7.531 -60.53 2.2242
-7.975 -60.58 3.4243
-8.447 -60.73 4.5430
-8.874 -60.92 5.4565
-9.262 -61.12 6.2194
-9.436 -61.22 6.5274
-9.365 -61.22 6.3344
-9.145 -61.17 5.7821
-8.786 -60.87 5.0104
-8.358 -60.42 4.0297
-7.999 -60.07 3.0102
-7.642 -59.78 1.9144
-7.139 -59.53 0.4612
-6.857 -59.43 -0.351
-6.857 -59.43 -0.351
-5.754 -58.96 -3.020
-5.161 -58.65 -4.487
-4.835 -58.56 -5.399
-4.575 -58.64 -6.309
-4.423 -58.74 -6.973
-4.319 -58.85 -7.470
-4.295 -58.90 -7.640
-4.329 -58.82 -7.458
-4.437 -58.73 -6.936
-4.584 -58.76 -6.256
-4.810 -58.91 -5.319
-5.219 -59.26 -3.806
-5.478 -59.50 -2.884
-5.478 -59.50 -2.884
-6.275 -59.46 0
-6.745 -59.61 1.5994
-7.076 -59.78 2.7004
-7.421 -59.82 3.9766
-7.723 -59.85 5.0847
-8.014 -59.94 5.9839
-8.253 -60.07 6.6300
-8.457 -60.24 7.1115
-8.549 -60.41 7.2779
-8.534 -60.52 7.1363
-8.407 -60.57 6.6300
-8.166 -60.53 5.8778
-7.839 -60.49 4.8298
-7.498 -60.57 3.5695
-7.115 -60.65 2.1570
-6.556 -60.56 0.3302
-6.230 -60.44 -0.691
-6.230 -60.44 -0.691
-5.425 -60.42 -3.427
-5.022 -60.41 -4.859
-4.812 -60.42 -5.714
-4.629 -60.50 -6.597
-4.536 -60.58 -7.242
-4.484 -60.58 -7.727
-4.474 -60.56 -7.891
-4.505 -60.55 -7.697
-4.610 -60.53 -7.176
-4.760 -60.41 -6.516
-4.953 -60.23 -5.695
-5.148 -60.13 -4.833
-5.400 -60.03 -3.852
-5.853 -59.87 -2.395
-6.134 -59.78 -1.546
6.0787 -84.31 -104.1
6.0787 -84.31 -104.1
3.8217 -95.03 -104.3
2.7840 -101.2 -104.3
2.2863 -105.1 -104.2
1.7090 -108.6 -104.0
1.3382 -110.9 -103.9
1.1292 -112.6 -103.8
1.1043 -113.0 -103.8
1.0347 -112.4 -103.8
1.1267 -110.6 -103.8
1.5821 -108.3 -103.9
2.2216 -105.4 -104.1
2.8139 -102.2 -104.1
3.4559 -98.69 -104.2
4.3741 -93.58 -104.1
4.8817 -90.62 -104.1
4.8817 -90.62 -104.1
6.3673 -81.24 -103.7
6.9770 -75.94 -103.3
7.2483 -72.54 -103.1
7.4971 -69.17 -102.8
7.6489 -66.69 -102.6
7.7534 -64.82 -102.4
7.7858 -64.18 -102.4
7.9674 -64.84 -102.5
8.1067 -66.64 -102.7
7.8753 -69.00 -102.9
7.4498 -71.87 -103.2
6.8352 -75.69 -103.5
6.4569 -77.87 -103.6
6.4569 -77.87 -103.6
5.2674 -84.91 -104.0
4.5782 -89.50 -104.2
4.0730 -93.22 -104.2
3.4285 -97.32 -104.2
2.8039 -101.2 -104.1
2.2042 -104.9 -104.0
1.7065 -108.0 -103.8
1.2561 -110.4 -103.6
1.1665 -111.4 -103.6
1.5448 -110.9 -103.8
2.1644 -109.3 -103.8
2.7691 -107.1 -103.9
3.3663 -104.3 -104.0
3.9063 -101.1 -104.1
4.4463 -97.59 -104.2
5.2301 -92.46 -104.1
5.6532 -89.50 -104.1
5.6532 -89.50 -104.1
6.8451 -79.70 -103.7
7.0019 -74.08 -103.4
6.8725 -70.44 -103.1
6.9695 -66.83 -102.8
6.9944 -64.17 -102.5
6.6884 -62.09 -102.3
6.4495 -61.35 -102.2
6.6336 -62.02 -102.3
6.8327 -63.95 -102.5
6.7779 -66.47 -102.7
6.5391 -69.87 -103.0
6.0015 -75.22 -103.4
5.6159 -78.45 -103.6
5.6159 -78.45 -103.6
4.6130 -88.00 -104.0
4.2223 -93.32 -104.1
4.0581 -96.95 -104.1
3.6574 -100.9 -104.1
3.2941 -104.4 -104.1
3.0975 -107.3 -104.1
2.9333 -109.4 -104.1
2.6421 -111.0 -104.1
2.4928 -111.5 -104.0
2.3709 -111.0 -104.0
2.3759 -109.5 -104.1
2.7740 -107.5 -104.2
3.3464 -104.6 -104.2
3.8117 -101.0 -104.3
4.2820 -96.86 -104.3
4.9663 -91.07 -104.2
5.3321 -87.76 -104.1
5.3321 -87.76 -104.1
6.6361 -78.31 -103.7
7.2433 -73.10 -103.3
7.4996 -69.83 -103.1
7.5444 -66.56 -102.8
7.4573 -64.18 -102.5
7.4050 -62.43 -102.3
7.3727 -61.83 -102.3
7.4274 -62.34 -102.4
7.4523 -63.90 -102.5
7.3478 -66.08 -102.8
7.1537 -68.96 -103.0
6.8949 -72.12 -103.3
6.6112 -75.77 -103.6
6.2827 -81.16 -103.9
6.0787 -84.31 -104.1
0.1607 0.0513 0.2532
0.1607 0.0513 0.2532
0.0124 1.5939 0.0390
0 1.7502 0.0108
0 1.7736 0
0 1.7775 0
0 1.7775 0.0122
0.0248 1.6369 0.0397
0.0378 1.4924 0.0637
0 1.7970 0.0198
-0.019 2.0977 -0.024
0 1.8595 0
0.0144 1.6174 0.0321
0.0124 1.6174 0.0348
0 1.6174 0.0362
0.0165 1.5861 0.0431
0.0234 1.5549 0.0479
0.0234 1.5549 0.0479
0.0701 1.1058 0.1104
0.0673 1.1331 0.1077
0.0618 1.1995 0.1015
0.0570 1.2815 0.0905
0.0522 1.3635 0.0815
0.0495 1.4221 0.0788
0.0481 1.4416 0.0781
0.0893 0.9886 0.1420
0.1305 0.5317 0.2058
0.1243 0.5981 0.1935
0.1092 0.7465 0.1674
0.0852 0.9652 0.1351
0.0701 1.1019 0.1152
0.0701 1.1019 0.1152
0.0358 1.3987 0.0767
0.0358 1.3987 0.0733
0.0364 1.3987 0.0719
0.0378 1.3948 0.0719
0.0385 1.3948 0.0712
0.0392 1.3948 0.0705
0.0392 1.3948 0.0678
0.0364 1.4690 0.0630
0.0337 1.5393 0.0596
0.0687 1.0902 0.1214
0.1305 0.3442 0.2216
0.1847 -0.237 0.2903
0.2129 -0.518 0.3219
0.2129 -0.518 0.3233
0.2122 -0.518 0.3246
0.2122 -0.518 0.3253
0.2115 -0.518 0.3260
0.2102 -0.518 0.3260
0.2081 -0.518 0.3260
0.1442 0.1802 0.2354
0.0488 1.2581 0.0946
0.0179 1.6955 0.0376
0 2.0899 -0.012
-0.087 2.9959 -0.127
-0.138 3.5623 -0.199
-0.091 3.0897 -0.135
-0.023 2.3594 -0.039
0 1.9767 0
0.0138 1.7892 0.0259
0.0220 1.7072 0.0376
0.0234 1.6955 0.0397
0.0234 1.6955 0.0397
0.0330 1.4573 0.0665
0.0694 1.0277 0.1186
0.0941 0.7699 0.1502
0.0873 0.8402 0.1392
0.0804 0.9105 0.1282
0.0804 0.9105 0.1282
0.0804 0.9105 0.1275
0.0660 1.0980 0.1056
0.0282 1.5822 0.0472
0 2.0665 -0.011
-0.023 2.2540 -0.033
0 1.8166 0.0170
0.0426 1.3831 0.0699
0.0433 1.3831 0.0719
0.0433 1.3831 0.0733
0.0433 1.3831 0.0740
0.0440 1.3831 0.0740
0.0440 1.3831 0.0740
0.1106 0.6449 0.1763
0.1339 0.3911 0.2120
0.1367 0.3559 0.2168
0.1010 0.7230 0.1701
0.0460 1.3089 0.0946
0.0172 1.6916 0.0452
0 1.8517 0.0245
0.0268 1.6799 0.0507
0.0577 1.3870 0.0939
0.0735 1.1722 0.1172
0.0838 0.9964 0.1344
0.0879 0.9183 0.1420
0.0934 0.7933 0.1577
0.1305 0.3520 0.2141
0.1607 0.0513 0.2532
6.2872 -61.18 -0.388
6.2872 -61.18 -0.388
4.6614 -61.98 2.3562
3.7140 -62.15 3.8769
3.1297 -62.17 4.7459
2.6692 -62.22 5.4565
2.4001 -62.23 5.8657
2.2136 -62.17 6.1335
2.1691 -62.12 6.1908
2.3143 -62.22 6.0106
2.6461 -62.34 5.5340
3.0108 -62.22 4.9311
3.4631 -62.02 4.1918
3.9566 -61.97 3.4273
4.5178 -61.96 2.5718
5.3283 -61.92 1.3239
5.7987 -61.89 0.6014
5.7987 -61.89 0.6014
7.3254 -61.65 -1.826
8.2069 -61.67 -3.212
8.7928 -61.72 -4.103
9.3639 -61.78 -4.989
9.7897 -61.84 -5.644
10.131 -61.89 -6.170
10.256 -61.92 -6.363
10.124 -61.71 -6.198
9.7683 -61.49 -5.710
9.3012 -61.49 -4.989
8.7499 -61.54 -4.100
8.0467 -61.63 -2.973
7.6523 -61.70 -2.340
7.6523 -61.70 -2.340
6.4111 -61.87 -0.373
5.6155 -61.93 0.8574
4.9948 -61.94 1.8089
4.3132 -61.97 2.8530
3.6876 -62.00 3.8095
3.1049 -62.02 4.6937
2.6444 -62.04 5.4009
2.2895 -62.10 5.9651
2.1591 -62.14 6.1841
2.2351 -61.93 6.0039
2.4612 -61.57 5.5441
2.7748 -61.29 4.9766
3.1941 -61.09 4.2676
3.6810 -61.04 3.5064
4.2389 -61.05 2.6560
5.0146 -61.02 1.4603
5.4603 -61.01 0.7749
5.4603 -61.01 0.7749
7.0779 -60.92 -1.735
8.0864 -61.28 -3.179
8.7829 -61.75 -4.130
9.4200 -61.97 -5.061
9.9020 -62.18 -5.757
10.350 -62.64 -6.321
10.540 -62.92 -6.533
10.369 -62.69 -6.333
9.9482 -62.32 -5.784
9.4629 -62.12 -5.078
8.8440 -62.01 -4.142
7.8966 -61.98 -2.682
7.3354 -61.99 -1.803
7.3354 -61.99 -1.803
5.6914 -61.96 0.7143
4.7885 -61.84 2.0598
4.2026 -61.76 2.9288
3.5852 -61.82 3.9021
3.0818 -61.97 4.7004
2.6692 -62.01 5.3353
2.4068 -62.08 5.7698
2.2631 -62.26 6.0830
2.2268 -62.46 6.1655
2.3341 -62.64 6.0543
2.5965 -62.75 5.7091
2.8639 -62.53 5.2207
3.2651 -62.20 4.5219
3.8345 -62.09 3.6294
4.5261 -62.05 2.5701
5.4801 -61.96 1.0949
6.0298 -61.92 0.2462
6.0298 -61.92 0.2462
7.4872 -61.49 -2.161
8.2927 -61.32 -3.483
8.8242 -61.33 -4.317
9.4085 -61.53 -5.174
9.8690 -61.81 -5.821
10.232 -62.02 -6.328
10.369 -62.11 -6.513
10.263 -62.03 -6.367
9.9449 -61.89 -5.902
9.4794 -61.76 -5.206
8.9034 -61.65 -4.339
8.3488 -61.60 -3.480
7.7332 -61.54 -2.535
6.8187 -61.34 -1.175
6.2872 -61.18 -0.388
5.8155 84.917 93.923
5.8155 84.917 93.923
4.9709 88.564 91.654
4.4572 90.264 90.462
4.1053 90.953 89.743
3.7457 91.290 88.961
3.5022 91.454 88.369
3.3519 92.018 87.866
3.2777 92.513 87.668
3.3823 92.721 87.747
3.5060 92.764 87.978
3.5897 92.060 88.369
3.7629 90.636 88.908
3.9245 89.333 89.456
4.1091 87.845 90.084
4.3392 85.689 91.006
4.4610 84.440 91.540
4.4610 84.440 91.540
4.7026 80.268 93.370
4.8167 78.023 94.388
4.9081 76.731 95.021
5.0108 75.665 95.616
5.0888 74.875 96.046
5.2410 73.797 96.427
5.4046 73.240 96.577
5.5397 73.309 96.514
5.6405 73.714 96.176
5.5796 75.087 95.579
5.4274 77.053 94.835
5.2866 79.039 93.856
5.2087 80.091 93.298
5.2087 80.091 93.298
5.0621 82.998 91.693
4.9575 85.007 90.754
4.8205 86.573 90.104
4.5828 88.146 89.418
4.2860 89.366 88.845
3.9455 90.080 88.381
3.6411 90.535 88.054
3.4280 91.204 87.807
3.3519 91.552 87.724
3.4033 91.495 87.848
3.5345 91.105 88.228
3.6963 90.296 88.747
3.9017 89.288 89.457
4.1376 88.399 90.293
4.3963 87.484 91.269
4.7274 86.212 92.648
4.9081 85.494 93.442
4.9081 85.494 93.442
5.3228 82.594 95.773
5.4617 81.073 97.049
5.4864 80.248 97.877
5.4617 79.676 98.747
5.4617 79.197 99.445
5.6081 78.191 100.08
5.7527 77.486 100.34
5.8364 77.368 100.29
5.8764 77.354 100.01
5.7508 78.049 99.481
5.4617 79.561 98.762
5.0375 81.661 97.686
4.7749 82.942 97.034
4.7749 82.942 97.034
4.0558 86.426 95.226
3.7267 88.209 94.249
3.5535 89.242 93.635
3.3367 90.434 92.965
3.1674 91.072 92.419
2.9886 91.158 92.003
2.8763 91.218 91.749
2.8497 91.455 91.558
2.8288 91.723 91.501
2.9030 91.992 91.565
3.0532 92.138 91.762
3.2016 91.906 92.067
3.3938 91.191 92.544
3.5992 90.190 93.152
3.8313 88.891 93.883
4.1566 87.007 94.910
4.3411 85.898 95.502
4.3411 85.898 95.502
4.7502 82.656 97.136
4.9157 81.045 98.011
4.9879 80.243 98.563
5.0565 79.670 99.136
5.1363 79.276 99.588
5.2790 78.579 100.00
5.4426 78.082 100.18
5.6043 77.952 100.03
5.7774 77.949 99.557
5.8840 78.526 98.868
5.9353 79.682 98.005
6.0324 80.743 97.067
6.0666 81.979 96.047
5.9334 83.832 94.690
5.8155 84.917 93.923
7.8476 8.7319 3.1228
7.8476 8.7319 3.1228
-3.204 7.2198 1.7418
-9.158 6.0056 1.1729
-12.56 4.9218 0.5979
-15.35 3.8098 0.0562
-17.25 2.9040 -0.346
-19.42 2.2977 -0.657
-20.43 2.0951 -0.765
-20.38 2.3982 -0.715
-19.99 3.0080 -0.569
-18.11 3.6107 -0.376
-14.71 4.3085 -0.136
-11.31 5.0452 0.1250
-7.331 5.7712 0.4142
-1.452 6.5748 0.8231
1.9827 6.9907 1.0709
1.9827 6.9907 1.0709
13.321 7.3925 1.7359
19.590 7.3291 2.0097
23.446 7.0700 2.0725
27.024 6.7898 2.1069
29.653 6.6101 2.0785
32.206 6.6277 2.0453
33.315 6.6629 1.9576
32.946 6.9502 1.9682
31.228 7.4101 2.0370
28.050 7.6780 2.0381
24.116 7.8243 1.9469
19.431 7.8313 1.6268
16.854 7.7873 1.4052
16.854 7.7873 1.4052
9.0223 7.5000 0.6737
3.7411 7.2040 0.2494
-0.447 6.6929 -0.030
-4.841 5.9228 -0.305
-8.661 4.9976 -0.544
-11.77 3.9667 -0.703
-14.19 3.0837 -0.794
-16.54 2.5251 -0.829
-17.57 2.3418 -0.820
-17.15 2.5991 -0.759
-15.66 3.1736 -0.549
-13.32 3.8186 -0.225
-10.32 4.5799 0.1819
-7.301 5.3871 0.7366
-3.966 6.1730 1.4727
0.7544 7.0101 2.4554
3.4578 7.4348 3.0280
3.4578 7.4348 3.0280
12.839 7.8031 4.4789
17.926 7.6181 5.1996
20.948 7.1000 5.5706
23.616 6.5378 6.0258
25.599 6.0409 6.3660
27.908 5.8153 6.6090
29.035 5.7888 6.6908
28.858 5.9915 6.6778
27.647 6.3299 6.6161
25.147 6.5643 6.5236
21.367 6.6893 6.3565
15.445 6.6418 6.0175
11.836 6.5660 5.8077
11.836 6.5660 5.8077
1.4027 5.8611 5.0538
-4.250 5.3888 4.5927
-7.889 4.9517 4.3188
-11.85 4.4108 4.0640
-14.99 3.8874 3.7866
-17.18 3.3445 3.5483
-18.65 3.0644 3.4618
-20.16 3.0520 3.4381
-20.81 3.0626 3.3480
-20.74 3.3128 3.3492
-20.27 3.7904 3.4997
-18.93 4.2609 3.6728
-16.30 4.7984 3.9194
-12.89 5.3835 4.2311
-8.673 5.9492 4.5927
-2.691 6.5096 5.0882
0.7873 6.7757 5.3797
0.7873 6.7757 5.3797
10.990 6.7528 5.9772
16.409 6.4762 6.2238
19.533 6.1290 6.3328
22.324 5.7747 6.4952
24.271 5.6003 6.6600
26.205 5.6302 6.7916
27.042 5.6514 6.8188
26.950 5.9369 6.6967
26.339 6.5219 6.3968
24.779 7.0647 6.0377
22.251 7.6181 5.5694
19.532 8.1979 5.0384
16.190 8.6279 4.4326
10.963 8.7583 3.5922
7.8476 8.7319 3.1228
-1.743 4.7838 1.7055
-1.743 4.7838 1.7055
-1.712 4.8173 0.7880
-1.774 4.8451 0.2729
-1.930 4.8551 -0.074
-2.192 4.8440 -0.456
-2.358 4.8195 -0.764
-2.339 4.7337 -1.014
-2.223 4.6100 -1.111
-1.947 4.5030 -1.066
-1.667 4.4529 -0.934
-1.562 4.4852 -0.739
-1.524 4.5476 -0.496
-1.467 4.6111 -0.253
-1.419 4.6735 0
-1.367 4.7314 0.3726
-1.342 4.7593 0.5792
-1.342 4.7593 0.5792
-1.400 4.8551 1.2092
-1.390 4.9220 1.5342
-1.350 4.9666 1.7161
-1.260 5.0011 1.8921
-1.201 5.0134 2.0059
-1.241 4.9421 2.0774
-1.334 4.8139 2.0951
-1.445 4.6869 2.0657
-1.550 4.6156 1.9648
-1.593 4.6545 1.8170
-1.639 4.7226 1.6175
-1.785 4.7805 1.3113
-1.883 4.8095 1.1282
-1.883 4.8095 1.1282
-2.111 4.7549 0.5651
-2.155 4.7058 0.2271
-2.183 4.6824 -0.018
-2.258 4.6991 -0.282
-2.360 4.7371 -0.514
-2.520 4.7860 -0.720
-2.615 4.8150 -0.876
-2.533 4.7471 -0.987
-2.362 4.6379 -1.022
-2.176 4.5632 -0.959
-2.012 4.5320 -0.777
-1.946 4.5655 -0.534
-1.901 4.6312 -0.206
-1.807 4.6969 0.1826
-1.686 4.7604 0.6296
-1.500 4.8128 1.2409
-1.389 4.8362 1.5882
-1.389 4.8362 1.5882
-1.235 4.9164 2.5233
-1.105 4.9967 3.0220
-0.965 5.0691 3.3411
-0.724 5.1382 3.7002
-0.580 5.1705 3.9829
-0.601 5.0658 4.2012
-0.635 4.8875 4.2833
-0.656 4.7404 4.2504
-0.665 4.6668 4.1378
-0.597 4.6735 3.9759
-0.420 4.6958 3.7541
-0.110 4.7437 3.4057
0.0887 4.7760 3.1956
0.0887 4.7760 3.1956
0.7194 4.8819 2.5351
1.0578 4.9521 2.1491
1.2593 5.0134 1.8768
1.4542 5.0903 1.5823
1.5900 5.1605 1.3336
1.6666 5.2206 1.1341
1.7279 5.2474 0.9956
1.8527 5.1817 0.9018
1.9524 5.0568 0.8771
1.9852 4.9443 0.9147
1.9918 4.8652 1.0285
1.9480 4.8373 1.1869
1.8199 4.8284 1.4098
1.6480 4.8206 1.6891
1.4158 4.8117 2.0071
1.0501 4.7961 2.4271
0.8300 4.7872 2.6629
0.8300 4.7872 2.6629
0.2004 4.8830 3.2508
-0.103 4.9633 3.5500
-0.246 5.0257 3.7319
-0.345 5.0747 3.9407
-0.405 5.0914 4.1038
-0.477 5.0134 4.2281
-0.561 4.8852 4.2739
-0.670 4.7827 4.1883
-0.812 4.7292 3.9630
-0.996 4.7560 3.6837
-1.200 4.7983 3.3341
-1.412 4.8095 2.9563
-1.589 4.8061 2.5468
-1.705 4.7939 2.0071
-1.743 4.7838 1.7055
0 11.119 0
0 11.119 0
0 11.119 0
0 11.119 0
0 11.119 0
0 11.119 0
0 11.119 0
0 11.119 0
0 11.119 0
0 11.119 0
0 11.119 0
0 11.119 0
0 11.119 0
0 11.119 0
0 11.119 0
0 11.119 0
0 11.119 0
0 11.119 0
0 11.119 0
0 11.119 0
0 11.119 0
0 11.119 0
0 11.119 0
0 11.119 0
0 11.119 0
0 11.119 0
0 11.119 0
0 11.119 0
0 11.119 0
0 11.119 0
0 11.119 0
0 11.119 0
0 11.119 0
0 11.119 0
0 11.119 0
0 11.119 0
0 11.119 0
0 11.119 0
0 11.119 0
0 11.119 0
0 11.119 0
0 11.119 0
0 11.119 0
0 11.119 0
0 11.119 0
0 11.119 0
0 11.119 0
0 11.119 0
0 11.119 0
0 11.119 0
0 11.119 0
0 11.119 0
0 11.119 0
0 11.119 0
0 11.119 0
0 11.119 0
0 11.119 0
0 11.119 0
0 11.119 0
0 11.119 0
0 11.119 0
0 11.119 0
0 11.119 0
0 11.119 0
0 11.119 0
0 11.119 0
0 11.119 0
0 11.119 0
0 11.119 0
0 11.119 0
0 11.119 0
0 11.119 0
0 11.119 0
0 11.119 0
0 11.119 0
0 11.119 0
0 11.119 0
0 11.119 0
0 11.119 0
0 11.119 0
0 11.119 0
0 11.119 0
0 11.119 0
0 11.119 0
0 11.119 0
0 11.119 0
0 11.119 0
0 11.119 0
0 11.119 0
0 11.119 0
0 11.119 0
0 11.119 0
0 11.119 0
0 11.119 0
0 11.119 0
0 11.119 0
0 11.119 0
3.3157 11.603 181.46
3.3157 11.603 181.46
1.4749 11.826 185.02
0.6857 11.894 187.02
0.3755 11.903 188.40
0.0643 11.861 189.98
-0.027 11.791 191.30
0.0242 11.731 192.41
0.2821 11.701 192.87
0.7579 11.828 192.79
1.3793 12.068 192.43
2.0351 12.322 191.81
2.6854 12.474 190.98
3.2578 12.486 190.11
3.7425 12.489 189.12
4.2283 12.409 187.65
4.4550 12.327 186.79
4.4550 12.327 186.79
4.8908 12.038 184.03
4.8875 11.856 182.51
4.8608 11.720 181.54
4.6118 11.561 180.53
4.0860 11.438 179.78
3.4968 11.375 179.18
2.8155 11.363 178.96
2.1096 11.515 179.04
1.4104 11.796 179.42
0.7568 12.069 180.08
0.1832 12.252 181.01
-0.395 12.299 182.45
-0.670 12.306 183.32
-0.670 12.306 183.32
-1.427 12.181 185.91
-1.794 12.076 187.39
-1.972 11.976 188.40
-2.137 11.873 189.50
-2.191 11.763 190.43
-2.123 11.623 191.20
-1.899 11.523 191.76
-1.617 11.492 192.17
-1.129 11.488 192.30
-0.389 11.698 192.11
0.5634 12.051 191.51
1.6450 12.339 190.67
2.7732 12.484 189.47
3.8125 12.402 187.97
4.7863 12.179 186.21
5.9435 11.795 183.75
6.5471 11.546 182.34
6.5471 11.546 182.34
8.0588 10.806 178.50
8.7702 10.383 176.39
9.1170 10.078 174.96
9.4994 9.6971 173.28
9.6495 9.3874 171.89
9.6095 9.1992 170.73
9.3260 9.1476 170.26
8.7124 9.4040 170.40
7.9054 9.9169 170.90
7.1329 10.413 171.65
6.3414 10.890 172.64
5.3365 11.322 174.06
4.7885 11.520 174.90
4.7885 11.520 174.90
3.1756 11.996 177.41
2.2874 12.216 178.83
1.7083 12.316 179.80
1.0847 12.417 180.85
0.5856 12.452 181.71
0.1487 12.414 182.39
-0.032 12.339 182.85
-0.016 12.247 183.17
0.0898 12.193 183.26
0.5834 12.269 183.22
1.5449 12.391 183.02
2.6376 12.467 182.69
3.9115 12.501 182.15
5.2354 12.362 181.36
6.6037 12.043 180.39
8.3301 11.571 179.03
9.2705 11.280 178.24
9.2705 11.280 178.24
11.627 10.384 176.15
12.943 9.8403 175.00
13.322 9.4590 174.17
13.311 9.0477 173.10
13.238 8.7730 172.15
12.854 8.6581 171.31
12.121 8.6431 170.95
11.358 8.9278 171.32
10.426 9.4906 172.27
9.3527 10.036 173.47
8.1611 10.551 174.94
6.9172 10.925 176.50
5.6611 11.205 178.15
4.1338 11.482 180.28
3.3157 11.603 181.46
3.2219 12.586 2.4257
3.2219 12.586 2.4257
4.9817 12.680 2.0938
6.0858 12.821 1.9395
6.9198 13.063 1.8888
7.8342 13.390 1.8692
8.6151 13.724 1.8790
9.3293 14.017 1.9239
9.6451 14.153 1.9806
9.6431 13.865 1.9903
9.5325 13.339 2.0040
9.2115 12.805 2.0450
8.7392 12.496 2.1212
8.3023 12.468 2.2324
7.8196 12.445 2.3613
7.0888 12.441 2.5273
6.6624 12.447 2.6211
6.6624 12.447 2.6211
5.2799 12.687 2.9237
4.4625 12.957 3.1014
3.6743 13.259 3.2674
2.4472 13.620 3.5369
1.1138 13.957 3.8005
-0.172 14.256 4.0055
-1.217 14.362 4.0895
-1.905 14.134 4.0387
-2.109 13.742 3.9177
-2.071 13.335 3.7771
-1.966 12.994 3.6033
-1.417 12.874 3.3494
-0.945 12.883 3.2010
-0.945 12.883 3.2010
0.4027 12.777 2.7870
1.2827 12.830 2.5547
2.0490 12.878 2.3965
2.9476 13.010 2.2227
3.9360 13.259 2.0821
5.0693 13.581 1.9591
6.2120 13.908 1.9064
7.2754 14.173 1.9122
8.1501 14.312 1.9200
8.7975 13.968 1.9278
9.1937 13.295 1.9376
9.4200 12.632 1.9415
9.4700 12.265 1.9767
9.2563 12.247 2.0625
8.7318 12.212 2.1700
7.8873 12.210 2.3125
7.3525 12.226 2.3945
7.3525 12.226 2.3945
5.8127 12.494 2.6093
4.8452 12.768 2.7343
3.8828 13.088 2.8886
2.4035 13.521 3.1912
0.8407 13.950 3.5095
-0.580 14.346 3.7634
-1.644 14.505 3.8727
-2.175 14.249 3.7849
-2.241 13.805 3.5993
-2.172 13.342 3.4119
-1.960 12.987 3.2225
-1.478 12.878 3.0252
-1.152 12.881 2.9237
-1.152 12.881 2.9237
-0.103 12.782 2.6308
0.5633 12.830 2.4609
1.1252 12.906 2.3399
1.7727 13.067 2.2090
2.4743 13.325 2.0860
3.2938 13.646 1.9513
4.0945 13.959 1.8438
4.9025 14.219 1.7755
5.3164 14.332 1.7540
5.3602 14.044 1.7950
5.3988 13.501 1.8888
5.3352 12.980 2.0001
5.2622 12.604 2.1251
5.3643 12.505 2.2422
5.5312 12.480 2.3554
5.6719 12.418 2.5000
5.7428 12.388 2.5800
5.7428 12.388 2.5800
5.8856 12.535 2.8339
5.8387 12.733 2.9921
5.5822 13.021 3.1502
4.6783 13.431 3.4100
3.2990 13.844 3.6579
1.8999 14.233 3.8474
0.8490 14.401 3.9235
0.4611 14.132 3.8552
0.4340 13.650 3.6990
0.5894 13.162 3.5232
0.9449 12.798 3.3162
1.3692 12.706 3.0955
1.9135 12.692 2.8671
2.7339 12.625 2.5820
3.2219 12.586 2.4257
76.356 51.388 145.64
76.356 51.388 145.64
77.238 20.776 114.01
76.187 2.9902 95.509
74.934 -8.473 83.173
72.918 -18.72 71.956
71.080 -26.72 63.086
69.510 -33.14 55.923
68.063 -37.90 50.420
67.198 -42.65 45.207
67.072 -48.45 39.313
67.033 -54.74 33.106
67.163 -61.87 26.301
67.181 -69.54 19.111
67.059 -77.62 11.762
66.525 -87.85 2.6223
66.027 -93.30 -2.238
66.027 -93.30 -2.238
64.201 -106.0 -13.20
63.006 -111.6 -17.85
62.352 -114.1 -19.89
61.653 -116.3 -21.66
61.298 -116.9 -22.12
61.173 -116.3 -21.66
61.314 -114.9 -20.49
61.635 -112.8 -18.81
62.059 -109.9 -16.43
62.574 -106.5 -13.60
63.228 -102.4 -10.20
64.085 -96.39 -5.078
64.503 -92.76 -1.969
64.503 -92.76 -1.969
65.623 -81.51 7.9447
66.084 -74.65 14.146
66.481 -69.45 19.012
66.838 -63.43 24.714
67.203 -57.40 30.591
67.470 -51.19 36.748
67.831 -45.05 43.015
68.098 -38.71 49.607
68.995 -32.88 55.973
70.567 -26.92 62.762
72.772 -19.56 71.056
75.470 -9.324 82.371
78.101 6.7528 99.426
79.469 30.608 124.09
78.726 56.518 150.64
75.329 78.671 173.20
72.864 85.998 180.70
72.864 85.998 180.70
66.462 95.611 190.29
63.345 98.072 192.68
61.950 99.017 193.44
60.666 99.676 194.02
60.291 99.868 194.16
60.512 99.445 193.78
61.216 98.264 192.68
62.217 96.490 191.03
63.506 94.177 188.85
64.907 91.667 186.45
66.431 88.899 183.77
68.436 85.185 180.09
69.533 82.900 177.81
69.533 82.900 177.81
72.509 76.792 171.58
74.076 73.156 167.73
75.171 71.426 166.01
76.385 69.586 164.13
77.395 67.789 162.17
78.290 66.630 160.90
79.000 66.779 161.02
79.456 67.361 161.57
79.726 69.954 164.17
79.832 75.611 169.88
79.419 82.780 177.12
78.598 89.212 183.64
77.232 93.787 188.30
75.451 95.908 190.49
73.352 96.435 191.07
70.444 96.072 190.75
68.778 95.644 190.34
68.778 95.644 190.34
64.400 94.013 188.72
62.207 93.172 187.91
61.107 92.661 187.37
60.121 92.233 186.94
59.808 92.068 186.78
60.030 92.205 186.93
60.821 92.486 187.20
62.039 92.376 187.12
63.794 91.299 186.11
65.873 89.118 184.00
68.245 85.471 180.39
70.667 80.308 175.20
72.989 73.008 167.78
75.427 60.270 154.72
76.356 51.388 145.64
7.1165 -70.06 59.117
7.1165 -70.06 59.117
0.9288 -60.07 77.114
2.6817 -54.65 87.976
3.3905 -48.99 98.946
6.5801 -43.84 110.25
8.6938 -38.11 121.92
12.822 -33.98 133.30
16.343 -31.09 142.36
18.556 -31.48 147.46
20.788 -31.68 152.59
21.749 -33.84 153.69
21.321 -37.90 151.41
19.878 -43.44 146.09
16.915 -49.30 137.79
11.781 -55.57 125.36
8.6938 -58.88 118.27
8.6938 -58.88 118.27
-0.341 -65.87 93.075
-5.162 -68.96 78.119
-7.605 -70.91 67.073
-9.122 -73.42 55.888
-11.07 -75.60 44.745
-11.65 -77.49 34.898
-11.40 -78.48 26.300
-10.74 -77.81 18.446
-9.170 -75.91 12.597
-7.209 -73.38 9.0055
-4.952 -70.23 7.9307
-2.059 -65.99 14.061
-0.437 -63.56 20.407
-0.437 -63.56 20.407
3.7353 -56.65 46.349
6.0757 -53.33 62.045
7.4262 -49.48 77.881
8.8311 -45.83 92.119
9.2972 -41.91 106.50
10.341 -38.39 118.29
11.567 -35.58 128.28
12.614 -34.02 136.50
13.435 -32.33 144.76
11.905 -31.60 151.33
9.4760 -32.44 153.96
8.6427 -36.91 155.07
8.4320 -44.32 154.18
6.1491 -52.32 148.65
4.3484 -60.73 139.84
5.5042 -67.94 128.18
5.1689 -75.28 116.42
5.1689 -75.28 116.42
15.417 -82.44 95.057
22.697 -83.24 85.848
29.744 -85.42 75.958
36.567 -88.09 67.435
42.065 -91.31 59.447
46.471 -95.28 51.205
48.326 -97.24 44.745
47.432 -96.86 40.537
44.945 -95.15 38.236
41.972 -92.43 37.037
37.403 -88.73 37.043
28.687 -83.18 37.361
23.157 -79.95 37.394
23.157 -79.95 37.394
8.2627 -68.92 37.448
1.7845 -61.08 36.967
-1.025 -53.73 37.016
-4.607 -45.27 36.994
-7.330 -37.56 37.540
-9.767 -31.41 39.171
-11.86 -27.25 41.477
-13.40 -24.65 44.102
-14.50 -24.29 45.690
-15.38 -26.13 46.716
-14.88 -31.33 49.833
-11.87 -39.51 52.793
-7.196 -48.34 54.386
-3.113 -55.33 55.223
1.1779 -61.48 55.850
7.5859 -68.65 57.092
11.270 -72.32 57.724
11.270 -72.32 57.724
23.131 -81.61 61.904
30.373 -86.32 62.369
35.625 -88.97 62.666
40.986 -92.48 60.073
45.213 -95.55 55.002
48.562 -98.69 50.092
50.040 -99.74 45.690
49.459 -97.21 42.719
47.132 -92.77 40.942
44.290 -88.42 39.781
39.801 -83.80 39.543
32.512 -80.84 40.570
23.604 -78.09 44.901
15.615 -73.47 52.442
7.1165 -70.06 59.117
-1.079 -14.29 5.6825
-1.079 -14.29 5.6825
-0.476 -10.04 5.9998
-0.279 -8.611 6.1156
-0.223 -8.200 6.1559
-0.152 -7.702 6.1961
-0.136 -7.570 6.2062
-0.136 -7.575 6.2062
-0.144 -7.624 6.2062
-0.209 -8.093 6.1660
-0.293 -8.713 6.1105
-0.322 -8.938 6.0955
-0.328 -8.967 6.0904
-0.244 -8.366 6.1408
-0.072 -7.081 6.2516
0.1540 -5.366 6.4077
0.2914 -4.325 6.5033
0.2914 -4.325 6.5033
0.6362 -1.618 6.7702
0.7924 -0.372 6.8911
0.8570 0.1702 6.9464
0.9109 0.6100 6.9918
0.9297 0.7615 7.0119
0.9405 0.8397 7.0170
0.9405 0.8495 7.0170
0.6873 -1.110 6.8659
0.0166 -6.236 6.4328
-0.670 -11.36 5.9494
-0.936 -13.31 5.7480
-0.837 -12.61 5.8034
-0.737 -11.92 5.8537
-0.737 -11.92 5.8537
-0.578 -10.77 5.9545
-0.196 -7.980 6.1861
0.1029 -5.781 6.3674
0.2483 -4.682 6.4630
0.2860 -4.384 6.4983
0.2779 -4.433 6.4933
0.2375 -4.750 6.4630
0.1756 -5.234 6.4177
0.0274 -6.333 6.3221
-0.260 -8.469 6.1358
-0.589 -10.85 5.9344
-0.901 -13.08 5.7681
-1.058 -14.16 5.6926
-0.953 -13.44 5.7380
-0.707 -11.70 5.8689
-0.427 -9.676 6.0502
-0.091 -7.189 6.2667
0.2402 -4.696 6.4832
0.5068 -2.668 6.6594
0.7250 -0.919 6.8306
0.8139 -0.196 6.9112
0.6927 -1.183 6.8055
0.3668 -3.734 6.5587
-0.042 -6.861 6.2667
-0.586 -10.84 5.9344
-1.273 -15.65 5.5969
-1.957 -20.26 5.3049
-2.569 -24.27 5.1085
-2.846 -26.06 5.0330
-2.528 -24.01 5.1287
-2.216 -21.96 5.2143
-2.216 -21.96 5.2143
-1.095 -14.43 5.6675
-0.484 -10.13 5.9696
-0.039 -6.852 6.2717
0.4665 -3.020 6.6141
0.9944 1.2893 7.0673
1.6139 6.8211 7.7018
2.1742 12.177 8.3362
2.6132 16.927 8.9505
2.7909 19.072 9.2526
2.7640 18.725 9.2023
2.6778 17.718 9.0664
2.5701 16.428 8.8901
2.4004 14.571 8.6434
2.1634 12.074 8.3262
1.8940 9.3573 7.9888
1.5654 6.2982 7.6262
1.3877 4.6856 7.4399
1.3877 4.6856 7.4399
1.0698 1.9294 7.1328
0.8813 0.3364 6.9616
0.7089 -1.036 6.8256
0.4880 -2.805 6.6443
0.1998 -5.034 6.4379
-0.136 -7.565 6.1912
-0.627 -11.11 5.9192
-1.392 -16.45 5.5617
-2.229 -22.06 5.2092
-3.056 -27.43 4.9726
-3.468 -30.02 4.8970
-3.142 -27.96 4.9474
-2.464 -23.59 5.1388
-1.591 -17.79 5.4912
-1.079 -14.29 5.6825
8.7373 -32.26 -109.8
8.7373 -32.26 -109.8
14.764 -18.90 -101.0
18.661 -9.022 -92.38
19.935 -5.083 -88.38
19.935 -5.083 -88.38
19.935 -5.083 -88.38
19.935 -5.083 -88.38
19.935 -5.083 -88.38
22.505 -8.547 -88.05
26.598 -15.08 -88.60
29.455 -21.49 -90.61
30.997 -25.16 -92.39
31.818 -24.39 -93.93
32.851 -21.44 -96.26
34.163 -15.42 -98.58
34.732 -11.34 -99.76
34.732 -11.34 -99.76
35.923 -1.107 -102.8
36.266 2.4056 -104.4
36.341 3.5129 -104.2
35.007 5.4712 -99.12
32.207 6.4531 -91.18
29.444 6.3985 -83.54
26.794 4.7948 -80.00
24.981 0 -82.66
22.788 -5.863 -86.45
19.482 -10.48 -89.55
16.068 -12.30 -91.48
12.080 -11.10 -92.52
9.8115 -10.22 -93.05
9.8115 -10.22 -93.05
3.1817 -6.791 -95.34
-0.176 -4.620 -96.89
-1.767 -2.962 -97.91
-2.965 -1.434 -99.02
-3.165 0.1036 -99.53
-1.522 2.0291 -98.31
2.3939 3.6983 -95.11
6.6454 5.0021 -91.15
12.657 5.2694 -86.50
21.438 3.4092 -82.36
30.360 2.1382 -78.22
38.991 1.1346 -75.28
43.269 0.9654 -73.95
43.472 1.7073 -74.33
43.559 2.5255 -75.47
42.609 3.4420 -76.72
41.626 3.9438 -77.45
41.626 3.9438 -77.45
35.968 1.3636 -81.46
32.192 -0.447 -83.71
29.244 -1.609 -85.11
26.184 -1.892 -86.26
23.572 -2.209 -87.16
21.529 -2.798 -87.68
19.938 -5.078 -88.38
18.423 -10.60 -89.08
16.995 -17.04 -89.31
15.483 -22.86 -89.69
14.586 -26.31 -89.59
14.941 -27.33 -89.23
15.472 -27.61 -89.20
15.472 -27.61 -89.20
17.884 -28.66 -88.40
19.411 -29.12 -87.92
20.383 -29.38 -87.63
21.205 -29.64 -87.40
21.529 -29.65 -87.29
22.437 -25.45 -86.59
23.919 -18.33 -86.12
25.094 -14.91 -87.77
27.752 -9.611 -89.01
33.254 3.6929 -84.75
36.059 17.641 -79.62
33.880 20.810 -84.67
31.932 24.094 -89.74
29.715 21.044 -90.45
27.318 16.010 -90.16
24.522 11.515 -88.10
23.029 9.2132 -86.47
23.029 9.2132 -86.47
25.739 14.679 -78.72
27.552 18.524 -73.80
28.626 19.986 -72.08
29.097 17.537 -73.62
29.338 11.815 -77.20
29.625 5.1112 -81.34
29.704 -2.269 -85.53
29.606 -8.836 -88.55
29.512 -15.01 -91.26
29.934 -21.14 -94.49
29.436 -26.52 -97.44
25.287 -30.04 -101.4
19.158 -31.64 -105.8
12.449 -32.26 -108.6
8.7373 -32.26 -109.8
-66.93 29.937 225.85
-66.93 29.937 225.85
-66.70 37.114 218.53
-66.46 41.012 214.56
-66.32 43.681 211.95
-66.17 46.684 209.03
-66.14 49.468 206.31
-66.23 52.180 203.73
-66.52 54.607 201.53
-67.04 56.760 199.61
-67.76 58.500 198.13
-68.57 59.857 197.01
-69.53 60.680 196.41
-70.57 61.043 196.24
-71.69 60.818 196.65
-73.15 59.802 197.88
-73.96 58.929 198.85
-73.96 58.929 198.85
-75.70 51.834 206.08
-76.22 45.278 212.65
-76.12 39.475 218.41
-75.75 33.599 224.24
-75.20 29.069 228.72
-74.71 25.945 231.79
-74.34 24.479 233.23
-74.09 24.216 233.45
-73.88 25.028 232.57
-73.62 26.362 231.15
-73.30 28.284 229.12
-72.82 31.337 225.92
-72.51 33.133 224.03
-72.51 33.133 224.03
-71.46 38.552 218.34
-70.76 41.523 215.21
-70.17 43.615 213.01
-69.44 45.762 210.73
-68.72 47.711 208.65
-68.03 49.534 206.72
-67.43 51.263 204.92
-66.90 52.922 203.21
-66.52 54.613 201.52
-66.28 56.562 199.64
-66.16 58.358 197.93
-66.09 59.895 196.49
-66.09 60.576 195.86
-66.08 60.054 196.33
-66.04 58.462 197.81
-65.95 55.321 200.73
-65.85 53.262 202.63
-65.85 53.262 202.63
-65.51 46.519 208.97
-65.30 42.873 212.46
-65.20 39.875 215.35
-64.86 35.647 219.46
-64.65 31.156 223.91
-64.59 26.522 228.66
-65.23 22.052 233.54
-67.16 18.165 238.17
-70.15 13.970 243.31
-73.45 8.0399 250.12
-76.88 -1.212 260.18
-80.25 337.79 -78.08
-81.22 320.51 -60.44
-81.22 320.51 -60.44
-78.78 269.61 -9.066
-75.05 254.66 5.9752
-72.08 247.91 12.444
-68.51 242.69 17.365
-65.38 239.43 20.253
-62.82 237.32 22.005
-61.10 236.05 22.966
-60.08 235.37 23.472
-59.88 235.20 23.587
-60.24 235.81 23.098
-61.37 237.57 21.610
-62.90 240.15 19.419
-65.03 244.19 15.816
-67.57 250.38 10.132
-70.17 259.14 1.8179
-72.88 273.60 -12.37
-73.85 283.53 -22.17
-73.85 283.53 -22.17
-74.17 311.12 -49.96
-72.58 325.81 -65.11
-70.92 334.48 -74.05
-68.74 342.35 -82.40
-66.83 348.25 270.99
-65.37 -7.048 265.66
-64.69 -2.991 260.99
-64.57 0.9017 256.58
-64.83 4.7673 252.26
-65.20 8.8031 247.85
-65.69 12.998 243.37
-66.18 17.357 238.79
-66.59 21.739 234.25
-66.86 27.087 228.76
-66.93 29.937 225.85
3.9520 -89.91 -105.0
3.9520 -89.91 -105.0
-3.494 -100.5 -83.02
-9.801 -103.0 -72.21
-15.52 -106.7 -60.91
-21.85 -108.6 -54.03
-27.07 -109.6 -51.36
-31.25 -110.3 -48.71
-33.44 -109.7 -48.42
-33.96 -106.1 -47.95
-33.70 -100.8 -46.50
-32.67 -96.38 -45.47
-30.21 -91.46 -45.04
-25.27 -86.35 -43.63
-18.62 -81.44 -44.97
-9.608 -74.89 -50.60
-4.211 -71.44 -53.03
-4.211 -71.44 -53.03
8.3543 -60.25 -75.43
12.259 -54.06 -90.09
13.702 -51.22 -101.6
12.904 -49.00 -109.8
12.411 -46.69 -117.9
11.353 -46.26 -124.3
10.757 -46.38 -129.5
10.286 -48.47 -134.9
9.7485 -53.05 -139.4
9.4705 -58.60 -143.0
9.1567 -65.18 -145.4
8.3812 -73.92 -139.7
7.7088 -78.82 -132.9
7.7088 -78.82 -132.9
2.6251 -90.84 -107.4
-3.135 -95.18 -94.13
-7.726 -100.7 -80.38
-15.28 -103.4 -67.78
-22.08 -107.9 -54.21
-27.69 -108.4 -44.77
-31.56 -109.4 -40.14
-33.06 -109.2 -38.02
-33.84 -107.3 -38.77
-33.80 -104.4 -39.17
-32.23 -99.58 -40.96
-28.63 -93.03 -45.78
-22.72 -86.68 -50.80
-15.96 -82.09 -53.67
-8.685 -78.03 -57.01
0.6346 -72.25 -62.42
5.7900 -68.98 -64.91
5.7900 -68.98 -64.91
13.155 -55.91 -79.82
13.653 -49.47 -87.39
14.953 -43.14 -94.87
14.549 -37.47 -98.48
13.254 -33.44 -101.1
11.694 -31.22 -103.9
10.205 -30.39 -108.2
8.4619 -32.02 -117.2
6.5432 -35.97 -126.5
5.0010 -39.86 -133.5
3.9161 -44.23 -136.5
4.9427 -50.65 -128.9
6.3280 -54.55 -121.4
6.3280 -54.55 -121.4
11.487 -63.64 -96.06
14.110 -67.27 -81.62
17.548 -70.18 -67.09
20.193 -72.63 -53.21
22.157 -74.52 -42.16
23.269 -75.50 -37.27
24.448 -76.38 -32.39
25.057 -76.86 -31.22
25.246 -76.93 -30.64
24.542 -75.89 -27.93
22.704 -73.37 -24.92
20.391 -70.36 -22.83
17.557 -66.70 -20.61
14.478 -62.89 -21.88
11.501 -58.60 -26.39
8.4664 -52.29 -31.68
6.9466 -48.63 -35.04
6.9466 -48.63 -35.04
6.3369 -41.50 -53.87
6.1890 -39.25 -66.71
6.5432 -37.02 -79.60
5.5031 -34.38 -91.69
3.8444 -32.43 -101.4
2.4233 -31.65 -106.1
1.0694 -30.76 -110.8
1.6253 -31.62 -115.0
2.5533 -35.77 -119.3
2.9658 -43.43 -125.6
3.5754 -53.24 -129.9
4.9517 -63.10 -128.2
5.5480 -72.89 -122.4
4.1089 -81.32 -113.7
3.9520 -89.91 -105.0
3.3944 -1.293 -6.121
3.3944 -1.293 -6.121
2.8576 0.8258 -6.321
2.6842 1.5224 -6.392
2.6581 1.6220 -6.400
3.7793 -2.724 -5.930
6.1310 -11.81 -5.438
8.7298 -21.62 -5.444
11.157 -30.68 -5.499
12.566 -36.09 -5.751
13.304 -39.07 -6.064
13.770 -40.91 -6.208
13.834 -41.21 -6.255
13.516 -39.86 -6.098
12.523 -35.96 -5.819
10.575 -28.56 -5.504
9.3118 -23.70 -5.278
9.3118 -23.70 -5.278
5.5324 -9.558 -5.541
3.6367 -2.263 -5.935
2.6604 1.6137 -6.400
1.8338 4.9396 -6.733
1.4394 6.6150 -6.965
1.2399 7.4485 -7.064
1.2114 7.5688 -7.080
1.5155 6.3413 -6.957
2.3089 3.1356 -6.618
3.0951 -0.074 -6.263
3.3968 -1.301 -6.121
3.2401 -0.675 -6.187
2.8291 0.9585 -6.350
2.4205 2.5965 -6.510
2.2614 3.2227 -6.571
2.5060 2.2191 -6.439
3.2804 -0.849 -6.161
4.3755 -5.100 -5.740
5.8863 -10.88 -5.475
7.7345 -17.76 -5.436
9.7584 -25.37 -5.310
11.813 -33.29 -5.572
13.592 -40.23 -6.161
14.951 -45.81 -6.699
15.464 -48.07 -7.009
14.841 -45.35 -6.639
13.245 -38.84 -6.040
11.193 -30.93 -5.486
8.8700 -22.04 -5.262
6.1500 -11.77 -5.564
4.6725 -6.273 -5.735
4.6725 -6.273 -5.735
2.1853 3.5337 -6.602
1.1354 7.8176 -7.057
0.7125 9.7003 -7.356
0.2588 11.674 -7.627
0 12.876 -7.808
-0.175 13.627 -7.918
-0.206 13.781 -7.945
0 12.823 -7.800
0.4180 10.985 -7.535
0.8408 9.1571 -7.285
1.1639 7.7761 -7.107
1.2826 7.2785 -7.043
1.3017 7.2038 -7.033
1.3017 7.2038 -7.033
1.1639 7.7761 -7.107
0.9049 8.8834 -7.254
0.6460 9.9947 -7.401
0.4560 10.820 -7.514
0.3823 11.151 -7.558
0.5534 10.388 -7.448
0.9691 8.6055 -7.212
1.4370 6.6315 -6.959
2.0286 4.1890 -6.678
2.7008 1.4686 -6.384
3.4586 -1.542 -6.100
4.2639 -4.685 -5.843
5.1143 -7.953 -5.630
6.0621 -11.54 -5.446
6.8650 -14.55 -5.341
7.3686 -16.44 -5.296
7.5207 -17.00 -5.286
7.5207 -17.00 -5.286
6.2070 -12.10 -5.425
5.1713 -8.214 -5.588
4.1190 -4.138 -5.888
2.7032 1.4975 -6.424
1.3563 6.9675 -7.007
0.2588 11.686 -7.621
-0.209 13.785 -7.945
0.1472 12.192 -7.705
0.9026 8.8958 -7.251
1.7459 5.3792 -6.828
2.5321 2.1445 -6.455
3.0239 0.1581 -6.245
3.2662 -0.791 -6.169
3.3802 -1.231 -6.129
3.3944 -1.293 -6.121
-32.49 -7.673 101.64
-32.49 -7.673 101.64
-33.93 -5.740 99.157
-34.75 -5.037 97.531
-35.02 -4.999 96.954
-33.15 -5.696 98.733
-28.98 -7.486 102.17
-24.16 -9.282 105.24
-19.10 -12.17 107.63
-14.68 -17.01 108.26
-11.40 -22.39 107.75
-8.741 -27.45 107.04
-7.471 -29.80 106.52
-7.997 -28.72 106.71
-9.218 -26.36 107.18
-10.97 -23.03 107.92
-12.04 -20.97 108.34
-12.04 -20.97 108.34
-8.976 -15.56 114.37
-6.146 -12.97 118.75
-4.929 -12.21 120.36
-5.096 -13.60 118.65
-6.225 -16.27 114.78
-8.191 -18.69 110.61
-11.46 -21.00 105.81
-17.50 -21.01 99.962
-24.60 -18.39 93.124
-30.43 -15.34 85.932
-33.89 -10.81 80.737
-35.21 -4.763 78.441
-35.58 -1.595 77.772
-35.58 -1.595 77.772
-36.14 3.5107 79.698
-35.13 2.8025 85.138
-33.51 0.9247 91.193
-31.33 -1.123 97.628
-28.98 -3.385 103.06
-27.13 -5.317 106.40
-25.30 -7.684 108.18
-23.28 -10.18 109.30
-20.59 -14.58 110.11
-16.34 -22.60 109.71
-11.59 -31.04 107.81
-7.076 -38.60 105.48
-4.611 -42.08 103.97
-3.424 -41.47 104.22
-1.742 -40.51 105.48
-0.053 -39.20 108.01
0.8141 -38.37 109.72
0.8141 -38.37 109.72
2.5226 -35.81 114.68
3.1478 -34.47 117.29
2.4911 -32.77 118.01
-1.529 -30.32 118.05
-8.605 -28.33 116.33
-16.25 -26.41 112.58
-23.49 -25.15 106.32
-28.53 -24.94 97.688
-31.82 -25.55 89.234
-34.05 -26.34 81.847
-35.30 -26.93 78.566
-36.23 -26.99 79.866
-36.48 -26.86 81.090
-36.48 -26.86 81.090
-39.27 -25.41 85.192
-41.68 -22.26 86.710
-43.72 -18.83 87.390
-46.02 -15.78 88.413
-47.17 -14.34 90.290
-45.11 -15.93 94.386
-41.07 -18.23 98.597
-37.54 -18.70 100.78
-33.85 -20.10 103.12
-30.36 -24.23 106.75
-26.06 -29.04 110.74
-19.64 -34.38 114.62
-14.04 -35.99 117.29
-9.933 -32.74 119.91
-6.179 -28.95 122.96
-3.317 -24.93 126.15
-2.198 -22.81 127.80
-2.198 -22.81 127.80
0.1452 -24.90 122.52
1.4248 -26.23 118.45
1.7810 -26.68 115.25
-1.551 -26.76 113.34
-8.583 -26.65 112.00
-16.04 -26.30 110.03
-23.51 -25.14 106.31
-29.32 -22.49 99.435
-33.60 -18.86 91.427
-36.77 -14.79 83.305
-38.16 -11.50 78.588
-37.49 -9.501 81.798
-35.56 -8.420 89.310
-33.59 -7.860 97.231
-32.49 -7.673 101.64
