124 frames
21 bones
4.3876 1.9644 32.123
4.3720 2.0113 32.271
4.3173 2.1128 32.713
4.2469 2.1675 33.240
4.1571 2.1949 33.900
4.0438 2.1871 34.638
3.9149 2.1558 35.435
3.7743 2.0855 36.256
3.6376 1.9566 36.916
3.5008 1.7925 37.467
3.3758 1.5933 37.885
3.2625 1.3628 38.205
3.1610 1.1011 38.408
3.0750 0.8433 38.576
3.0086 0.5815 38.689
2.9500 0.3120 38.732
2.9032 0.0425 38.736
2.8758 -0.230 38.721
2.8602 -0.508 38.689
2.8446 -0.781 38.588
2.8641 -1.035 38.404
2.9344 -1.266 38.189
3.0477 -1.473 37.881
3.1844 -1.660 37.447
3.3446 -1.832 36.896
3.5165 -1.980 36.228
3.7001 -2.109 35.443
3.8758 -2.219 34.588
4.0204 -2.324 33.849
4.1454 -2.418 33.138
4.1923 -2.504 32.732
4.1923 -2.563 32.564
4.1923 -2.578 32.517
4.1844 -2.578 32.607
4.1219 -2.547 33.314
4.0204 -2.492 34.158
3.9149 -2.430 34.869
3.7860 -2.344 35.576
3.6454 -2.238 36.185
3.4852 -2.113 36.717
3.329 -1.965 37.154
3.1805 -1.801 37.513
3.0438 -1.613 37.787
2.9149 -1.398 38.025
2.7860 -1.164 38.220
2.6922 -0.906 38.365
2.6141 -0.625 38.478
2.5360 -0.340 38.549
2.4813 -0.082 38.588
2.5242 0.1792 38.595
2.6336 0.4136 38.556
2.7547 0.6323 38.463
2.9110 0.8042 38.271
3.0672 0.8941 38.013
3.2118 0.9761 37.705
3.3524 1.0737 37.283
3.5125 1.1480 36.756
3.6883 1.1870 36.103
3.8407 1.2222 35.369
3.9852 1.2378 34.494
4.1063 1.3159 33.732
4.2118 1.4800 33.088
4.2938 1.6831 32.630
4.3563 1.8238 32.459
4.3798 1.9371 32.392
4.3563 2.0425 32.400
4.3173 2.1324 32.630
4.2509 2.1714 33.232
4.1610 2.1988 33.877
4.0477 2.2105 34.650
3.9227 2.1714 35.431
3.7899 2.0738 36.197
3.6415 1.9449 36.916
3.5008 1.8081 37.470
3.3758 1.5972 37.865
3.2664 1.3472 38.154
3.1649 1.1050 38.404
3.0750 0.8433 38.572
3.0047 0.5815 38.689
2.9461 0.3159 38.756
2.9032 0.0464 38.756
2.8602 -0.230 38.732
2.8485 -0.508 38.670
2.8758 -0.766 38.560
2.9188 -1.016 38.392
2.9539 -1.254 38.146
3.0321 -1.477 37.877
3.1844 -1.664 37.498
3.3407 -1.836 36.947
3.5243 -1.988 36.213
3.7001 -2.117 35.431
3.8680 -2.230 34.634
4.0165 -2.324 33.861
4.1180 -2.414 33.236
4.1884 -2.512 32.685
4.2040 -2.547 32.490
4.1962 -2.551 32.541
4.1649 -2.559 32.818
4.1141 -2.555 33.345
4.0360 -2.512 34.185
3.9266 -2.438 34.998
3.7977 -2.352 35.638
3.6454 -2.238 36.177
3.4930 -2.109 36.674
3.3368 -1.961 37.111
3.1844 -1.793 37.478
3.0438 -1.609 37.783
2.9149 -1.406 38.017
2.7977 -1.172 38.224
2.6805 -0.910 38.408
2.5906 -0.633 38.502
2.5203 -0.352 38.545
2.4969 -0.078 38.576
2.5438 0.1714 38.588
2.6453 0.4097 38.541
2.7782 0.6089 38.420
2.9071 0.7808 38.260
3.0555 0.9136 38.021
3.2039 1.0034 37.709
3.3524 1.0737 37.345
3.5086 1.1323 36.838
3.7118 1.1987 35.959
3.8915 1.2456 35.091
4.3876 1.9644 32.123
-10.39 1.2915 73.628
-9.963 0.9076 73.709
-9.024 0.1891 73.895
-8.302 -0.052 74.042
-7.603 -0.139 74.217
-6.971 -0.189 74.451
-6.435 -0.052 74.741
-5.904 0.3646 75.057
-5.295 0.7266 75.368
-4.643 1.0886 75.684
-3.814 1.4670 75.963
-2.796 1.7906 76.214
-1.544 2.0813 76.421
-0.054 2.3611 76.574
1.7663 2.5585 76.688
3.5927 2.6737 76.710
5.3206 2.7395 76.617
6.9354 2.7833 76.437
8.3443 2.7614 76.274
9.5591 2.7449 76.104
10.539 2.7395 75.924
11.417 2.7065 75.679
12.020 2.7504 75.472
12.295 2.9643 75.444
12.380 3.2111 75.172
12.168 3.5238 74.855
11.727 3.9406 74.621
11.081 4.4726 74.435
10.388 4.9937 74.370
9.5678 5.5476 74.408
8.8488 5.9973 74.571
8.3096 6.3374 74.773
7.9211 6.5568 75.133
7.6167 6.6665 75.717
7.4137 6.6720 76.197
7.2891 6.5403 76.748
7.1905 6.2880 77.561
7.1818 5.9151 78.669
7.2891 5.5312 79.945
7.5732 5.0650 81.707
7.6602 4.7797 82.482
7.4457 4.7578 82.782
6.9499 4.9717 83.671
6.2918 5.2843 84.561
5.4337 5.6957 84.626
4.4015 6.2058 84.342
3.2042 6.7817 84.053
1.8735 7.3740 83.568
0.6819 7.8347 83.093
-0.384 8.2131 82.569
-1.477 8.5258 82.106
-2.631 8.7068 81.767
-3.887 8.6574 81.516
-5.336 8.4545 81.271
-6.983 8.0376 81.134
-8.487 7.4453 80.758
-9.772 6.7213 80.049
-10.83 5.9206 79.034
-11.69 5.2405 77.714
-12.49 4.6975 75.728
-12.70 4.1271 74.893
-12.35 3.4141 74.713
-11.69 2.6298 74.173
-11.05 1.9387 73.900
-10.40 1.2806 73.769
-9.711 0.7266 73.759
-8.963 0.1836 73.857
-8.212 -0.205 74.053
-7.574 -0.260 74.228
-7.006 -0.183 74.424
-6.446 0.0191 74.681
-5.890 0.3152 75.002
-5.295 0.7211 75.368
-4.579 1.0941 75.679
-3.773 1.4396 75.957
-2.750 1.7906 76.192
-1.480 2.0868 76.415
0.0442 2.3336 76.590
1.7199 2.5585 76.694
3.6622 2.7230 76.743
5.4800 2.7833 76.694
7.0253 2.7779 76.525
8.3270 2.7779 76.268
9.4953 2.7449 76.083
10.510 2.7340 75.974
11.295 2.7559 75.755
11.950 2.8163 75.433
12.348 2.9369 75.237
12.464 3.0960 75.193
12.232 3.4689 74.893
11.774 3.9625 74.610
11.165 4.4726 74.446
10.379 4.9991 74.370
9.6605 5.4818 74.408
8.9271 5.9589 74.522
8.3415 6.3045 74.888
7.9646 6.5294 75.302
7.7414 6.6281 75.646
7.4833 6.6500 76.094
7.2137 6.5897 76.655
7.0224 6.4252 77.419
7.0716 6.0522 78.510
7.3123 5.5147 79.885
7.3963 5.1801 81.173
7.3935 4.9827 82.651
7.3268 4.8675 83.257
7.0398 4.9114 83.611
6.3440 5.2570 84.293
5.5003 5.6847 84.511
4.4160 6.2167 84.386
3.2216 6.7817 84.070
1.9836 7.3356 83.644
0.6907 7.8566 83.088
-0.477 8.2241 82.602
-1.486 8.4928 82.144
-2.625 8.6300 81.773
-3.968 8.6135 81.555
-5.446 8.4051 81.407
-6.974 8.0486 81.145
-8.609 7.5111 80.894
-9.969 6.8255 80.300
-11.13 5.8657 78.865
-11.86 5.0046 77.332
-10.39 1.2915 73.628
-17.66 -105.4 -94.90
-17.30 -104.9 -95.14
-16.15 -103.6 -95.52
-14.65 -102.6 -95.55
-12.70 -101.8 -95.31
-10.39 -101.1 -94.84
-7.750 -100.4 -94.19
-4.901 -99.78 -93.36
-2.439 -98.91 -92.53
-0.241 -97.88 -91.62
1.6749 -96.55 -90.75
3.3764 -94.99 -89.88
4.8241 -93.09 -89.06
6.2231 -90.90 -88.29
7.5455 -88.31 -87.52
8.6886 -85.73 -86.90
9.9214 -83.25 -86.39
10.795 -80.90 -85.98
10.728 -78.92 -85.64
10.485 -77.19 -85.52
10.126 -75.80 -85.49
9.1313 -74.52 -85.46
7.1066 -73.81 -85.61
4.8969 -73.93 -85.76
2.2203 -74.22 -85.65
-0.706 -74.53 -85.43
-3.764 -75.37 -85.14
-6.803 -76.94 -84.68
-9.336 -78.36 -84.24
-11.49 -79.89 -83.81
-13.04 -81.17 -83.40
-14.10 -82.20 -83.04
-14.52 -82.84 -82.80
-14.36 -82.94 -82.66
-12.97 -82.80 -82.54
-11.32 -82.60 -82.55
-9.978 -82.25 -82.76
-8.682 -81.63 -83.17
-7.565 -81.01 -83.64
-6.637 -80.21 -84.30
-5.710 -79.80 -84.61
-4.692 -79.86 -84.61
-3.646 -80.37 -84.58
-2.615 -81.15 -84.51
-1.563 -82.23 -84.17
-0.624 -83.61 -83.74
0.2945 -85.26 -83.31
1.0025 -87.14 -82.88
1.2490 -88.90 -82.62
1.3704 -90.56 -82.50
1.3611 -92.26 -82.48
0.8026 -94.09 -82.61
-0.639 -96.07 -83.08
-2.241 -98.15 -83.75
-4.173 -100.4 -84.58
-6.132 -102.5 -85.61
-7.979 -104.2 -86.84
-9.778 -105.7 -88.27
-11.42 -106.8 -89.56
-13.01 -107.6 -90.88
-14.34 -108.0 -91.98
-15.68 -107.9 -92.84
-16.75 -107.0 -93.61
-17.06 -106.2 -94.30
-17.16 -105.3 -94.82
-16.96 -104.5 -95.27
-16.23 -103.5 -95.59
-14.69 -102.5 -95.58
-12.80 -101.7 -95.36
-10.42 -101.1 -94.87
-7.851 -100.5 -94.22
-5.153 -99.78 -93.44
-2.430 -98.89 -92.52
-0.185 -97.80 -91.65
1.6431 -96.52 -90.76
3.2569 -94.92 -89.92
4.8296 -93.02 -89.07
6.2380 -90.79 -88.27
7.5605 -88.37 -87.51
8.8082 -85.63 -86.74
9.7645 -83.07 -86.26
10.545 -80.84 -85.95
10.939 -78.92 -85.68
10.761 -77.25 -85.52
9.9737 -75.86 -85.56
8.6419 -74.85 -85.58
7.0580 -73.99 -85.55
4.9716 -73.57 -85.63
2.3903 -73.83 -85.74
-0.861 -74.51 -85.47
-4.010 -75.53 -85.09
-6.818 -76.83 -84.71
-9.309 -78.37 -84.24
-11.42 -79.75 -83.81
-13.37 -81.11 -83.43
-14.03 -82.06 -83.11
-13.95 -82.64 -82.83
-13.75 -82.87 -82.63
-13.21 -82.83 -82.54
-11.37 -82.60 -82.53
-9.530 -82.36 -82.60
-8.426 -81.84 -82.96
-7.600 -80.99 -83.63
-6.659 -80.48 -84.10
-5.667 -80.19 -84.49
-4.681 -80.05 -84.65
-3.667 -80.25 -84.63
-2.615 -81.07 -84.46
-1.582 -82.14 -84.16
-0.508 -83.57 -83.70
0.3487 -85.21 -83.28
0.9576 -86.98 -82.87
1.3106 -88.89 -82.56
1.4712 -90.65 -82.56
1.2229 -92.31 -82.61
0.4309 -94.10 -82.76
-0.760 -96.13 -83.10
-2.406 -98.31 -83.75
-4.175 -100.4 -84.56
-6.173 -102.6 -85.52
-8.084 -104.5 -86.66
-10.22 -106.0 -88.37
-11.96 -107.0 -90.02
-17.66 -105.4 -94.90
-7.636 70.735 2.8138
-7.541 69.907 2.8550
-7.259 67.425 2.9587
-6.915 64.421 3.0555
-6.463 60.683 3.1579
-5.929 56.223 3.2238
-5.307 51.090 3.2313
-4.619 45.530 3.1702
-4.018 40.701 3.0583
-3.492 36.358 2.8976
-3.045 32.561 2.7157
-2.649 29.198 2.5275
-2.327 26.334 2.3380
-2.025 23.591 2.1416
-1.745 20.982 1.9369
-1.519 18.830 1.7564
-1.312 16.825 1.5799
-1.180 15.486 1.4563
-1.165 15.340 1.4425
-1.202 15.753 1.4810
-1.354 17.200 1.6142
-1.599 19.565 1.8230
-1.973 23.114 2.1072
-2.453 27.466 2.4073
-3.064 32.800 2.7232
-3.757 38.556 2.9752
-4.511 44.653 3.1455
-5.269 50.774 3.2293
-5.870 55.817 3.2341
-6.405 60.225 3.1743
-6.716 62.754 3.1091
-6.858 63.947 3.0727
-6.898 64.288 3.0624
-6.843 63.826 3.0748
-6.396 60.082 3.1641
-5.819 55.315 3.2293
-5.287 50.982 3.2361
-4.711 46.320 3.1894
-4.159 41.826 3.0926
-3.612 37.300 2.9374
-3.131 33.287 2.7562
-2.716 29.800 2.5659
-2.394 26.939 2.3805
-2.131 24.549 2.2144
-1.907 22.503 2.0612
-1.812 21.629 1.9912
-1.790 21.412 1.9740
-1.784 21.350 1.9692
-1.791 21.415 1.9747
-1.867 22.153 2.0324
-2.033 23.656 2.1457
-2.255 25.643 2.2906
-2.557 28.337 2.4705
-2.903 31.421 2.6518
-3.317 34.951 2.8358
-3.810 38.962 2.9978
-4.340 43.317 3.1297
-4.928 48.090 3.2176
-5.552 53.111 3.2368
-6.245 58.728 3.1826
-6.784 63.302 3.0933
-7.179 66.777 2.9916
-7.413 68.761 2.9051
-7.452 69.089 2.8880
-7.460 69.157 2.8846
-7.461 69.167 2.8839
-7.318 67.945 2.9381
-6.926 64.567 3.0597
-6.490 60.826 3.1517
-5.941 56.328 3.2272
-5.337 51.382 3.2451
-4.691 46.085 3.1867
-4.027 40.682 3.0514
-3.474 36.244 2.8949
-3.038 32.645 2.7218
-2.683 29.453 2.5378
-2.337 26.325 2.3373
-2.024 23.523 2.1347
-1.737 20.957 1.9349
-1.487 18.533 1.7317
-1.312 16.803 1.5778
-1.205 15.759 1.4824
-1.176 15.443 1.4522
-1.191 15.613 1.4687
-1.350 17.290 1.6225
-1.649 20.076 1.8614
-1.998 23.173 2.1114
-2.448 27.252 2.4032
-3.009 32.403 2.6992
-3.797 38.903 2.9923
-4.571 45.173 3.1736
-5.257 50.787 3.2416
-5.874 55.724 3.2265
-6.344 59.698 3.1826
-6.747 63.064 3.1036
-6.889 64.214 3.0658
-6.865 64.052 3.0707
-6.714 62.766 3.1057
-6.389 59.946 3.1729
-5.828 55.340 3.2334
-5.224 50.473 3.2396
-4.683 46.112 3.1922
-4.161 41.847 3.0912
-3.657 37.716 2.9532
-3.162 33.618 2.7692
-2.752 30.054 2.5756
-2.405 26.982 2.3847
-2.132 24.549 2.2130
-1.921 22.655 2.0722
-1.766 21.217 1.9596
-1.721 20.777 1.9232
-1.738 20.935 1.9363
-1.808 21.586 1.9878
-1.919 22.596 2.0660
-2.064 23.938 2.1677
-2.280 25.907 2.3078
-2.554 28.396 2.4732
-2.916 31.511 2.6600
-3.326 34.945 2.8337
-3.777 38.729 2.9978
-4.307 43.022 3.1255
-5.083 49.178 3.2141
-5.765 54.831 3.2299
-7.636 70.735 2.8138
-1.580 -93.11 -3.305
-1.583 -92.74 -3.126
-1.602 -91.67 -2.643
-1.639 -90.42 -2.124
-1.711 -88.92 -1.494
-1.738 -87.11 -0.862
-1.712 -85.02 -0.158
-1.628 -82.74 0.4381
-1.465 -80.71 0.5656
-1.077 -78.85 0.4948
-0.604 -77.21 0.3178
-0.153 -75.79 0.0771
0.3447 -74.58 -0.239
0.8797 -73.41 -0.531
1.4615 -72.30 -0.820
2.0482 -71.40 -1.103
2.6349 -70.57 -1.372
3.2054 -70.04 -1.641
3.7096 -70.02 -1.940
4.1751 -70.29 -2.254
4.5581 -71.08 -2.593
4.9574 -72.27 -2.962
5.2127 -74.00 -3.355
5.1206 -76.12 -3.772
4.9331 -78.72 -4.266
4.6794 -81.58 -4.557
4.1654 -84.62 -4.686
3.3120 -87.72 -4.794
2.5249 -90.35 -4.817
1.6942 -92.73 -4.477
1.0025 -94.28 -4.110
0.4125 -95.12 -3.863
0.0311 -95.35 -3.698
0 -95.09 -3.703
0.1815 -93.03 -3.880
0.4368 -90.41 -4.061
0.7552 -88.02 -4.178
1.1818 -85.44 -4.256
1.6021 -82.98 -4.282
2.0594 -80.51 -4.257
2.4473 -78.37 -4.185
2.7657 -76.58 -4.089
2.9823 -75.18 -3.921
3.0616 -74.05 -3.661
3.0502 -73.17 -3.305
2.9161 -72.88 -2.909
2.6882 -72.89 -2.484
2.3843 -73.02 -2.027
2.0966 -73.26 -1.620
1.8138 -73.60 -1.246
1.5051 -74.18 -0.930
1.1770 -74.98 -0.655
0.8182 -76.05 -0.439
0.4174 -77.29 -0.269
-0.026 -78.73 -0.151
-0.497 -80.41 -0.055
-1.082 -82.29 0.0806
-1.618 -84.37 0.1744
-1.751 -86.47 -0.052
-1.479 -88.74 -1.347
-1.352 -90.53 -2.478
-1.465 -91.82 -2.942
-1.551 -92.49 -3.080
-1.575 -92.55 -3.084
-1.578 -92.52 -3.061
-1.591 -92.41 -2.976
-1.606 -91.84 -2.709
-1.625 -90.47 -2.167
-1.691 -88.96 -1.553
-1.846 -87.17 -0.768
-1.838 -85.18 -0.114
-1.672 -82.98 0.3373
-1.421 -80.70 0.5939
-1.090 -78.82 0.6435
-0.642 -77.27 0.3762
-0.143 -75.90 0.0328
0.3576 -74.57 -0.241
0.8958 -73.38 -0.531
1.4582 -72.29 -0.816
2.0611 -71.23 -1.098
2.6413 -70.55 -1.383
3.1892 -70.20 -1.662
3.7031 -70.12 -1.942
4.1702 -70.24 -2.241
4.5679 -71.10 -2.581
4.8652 -72.50 -2.958
5.1464 -74.02 -3.369
5.2854 -76.00 -3.799
5.1287 -78.52 -4.204
4.6971 -81.72 -4.626
4.0862 -84.86 -4.854
3.3589 -87.73 -4.880
2.5217 -90.32 -4.742
1.7621 -92.50 -4.502
1.0009 -94.49 -4.070
0.4740 -95.19 -3.859
0.1491 -95.09 -3.859
0.0376 -94.43 -3.847
0.1394 -93.00 -3.849
0.4125 -90.47 -4.027
0.7697 -87.77 -4.194
1.1641 -85.35 -4.277
1.6069 -82.99 -4.298
2.0110 -80.75 -4.233
2.4118 -78.58 -4.148
2.7237 -76.74 -4.068
2.9468 -75.20 -3.939
3.0680 -74.05 -3.677
3.1003 -73.23 -3.339
2.9484 -72.76 -2.898
2.7011 -72.65 -2.448
2.4280 -72.81 -2.025
2.0966 -73.26 -1.623
1.7880 -73.75 -1.264
1.4938 -74.29 -0.942
1.1690 -75.07 -0.675
0.8085 -76.07 -0.452
0.4077 -77.33 -0.283
-0.030 -78.74 -0.131
-0.524 -80.30 0.0257
-0.974 -82.10 0.0399
-1.431 -84.74 -0.161
-1.775 -87.17 -0.420
-1.580 -93.11 -3.305
-8.844 -100.3 -118.2
-8.558 -100.0 -118.3
-7.632 -99.51 -118.6
-6.420 -99.28 -118.8
-4.847 -99.31 -118.7
-2.916 -99.53 -118.4
-0.632 -99.98 -118.2
1.8683 -100.5 -117.8
4.0581 -100.7 -117.5
6.1409 -100.7 -117.1
7.6513 -100.1 -116.7
8.6716 -99.18 -116.2
9.3584 -97.69 -115.7
9.8387 -95.81 -115.1
9.5824 -93.30 -114.4
9.0474 -90.67 -113.6
8.6045 -88.13 -113.0
8.0147 -85.65 -112.4
7.3130 -83.39 -111.8
6.5365 -81.32 -111.4
5.5138 -79.51 -110.9
4.3218 -77.76 -110.3
2.8387 -76.37 -109.8
1.0023 -75.58 -109.2
-1.085 -74.92 -108.5
-3.290 -74.31 -107.7
-5.736 -74.09 -107.0
-8.336 -74.50 -106.3
-10.53 -74.95 -105.7
-12.49 -75.60 -105.3
-13.91 -76.26 -105.0
-14.87 -76.82 -104.9
-15.27 -77.30 -104.8
-15.19 -77.75 -104.9
-13.75 -78.37 -105.1
-12.06 -78.96 -105.5
-10.71 -79.45 -106.0
-9.429 -79.87 -106.7
-8.463 -80.21 -107.4
-7.849 -80.42 -108.2
-7.174 -80.77 -108.7
-6.368 -81.53 -108.9
-5.489 -82.83 -109.0
-4.390 -84.27 -109.0
-3.093 -85.93 -108.7
-1.647 -87.77 -108.4
-0.022 -89.81 -108.1
1.6368 -91.95 -107.8
3.0129 -93.87 -107.6
4.3442 -95.63 -107.4
4.7225 -97.18 -107.5
4.4537 -98.67 -107.7
4.0307 -100.2 -107.9
3.4509 -101.8 -108.2
2.2390 -103.4 -108.8
0.7460 -104.7 -109.7
-0.854 -105.5 -110.9
-2.551 -105.7 -112.3
-3.932 -105.4 -113.7
-5.196 -104.8 -115.3
-6.281 -104.0 -116.5
-7.318 -103.1 -117.1
-8.097 -102.1 -117.4
-8.376 -101.3 -117.9
-8.403 -100.5 -118.2
-8.279 -99.91 -118.4
-7.766 -99.41 -118.6
-6.482 -99.18 -118.7
-4.922 -99.21 -118.7
-2.964 -99.57 -118.5
-0.779 -99.97 -118.2
1.6170 -100.3 -117.8
4.0680 -100.7 -117.5
6.0413 -100.6 -117.1
7.7584 -100.1 -116.8
8.6467 -99.07 -116.2
9.1220 -97.54 -115.6
9.5227 -95.61 -115.0
9.6670 -93.39 -114.4
9.1320 -90.62 -113.6
8.4178 -87.93 -112.9
7.9127 -85.57 -112.4
7.3354 -83.40 -111.9
6.4992 -81.40 -111.3
5.4541 -79.55 -110.8
4.1775 -77.96 -110.3
2.8238 -76.47 -109.8
1.2013 -75.32 -109.2
-0.883 -74.71 -108.5
-3.407 -74.26 -107.7
-5.913 -74.15 -106.9
-8.299 -74.40 -106.3
-10.52 -74.97 -105.7
-12.40 -75.53 -105.3
-14.13 -76.12 -105.1
-14.86 -76.77 -104.9
-14.96 -77.31 -104.8
-14.68 -77.72 -104.9
-13.88 -78.28 -105.1
-12.00 -79.14 -105.4
-10.23 -79.75 -105.9
-9.205 -80.03 -106.6
-8.515 -80.21 -107.4
-7.751 -80.45 -108.0
-7.097 -80.95 -108.7
-6.348 -81.78 -108.9
-5.480 -82.84 -108.8
-4.449 -84.21 -108.8
-3.163 -85.84 -108.8
-1.590 -87.78 -108.5
-0.012 -89.81 -108.1
1.5646 -91.84 -107.8
2.9980 -93.85 -107.6
3.9610 -95.63 -107.5
4.6155 -97.20 -107.5
4.5184 -98.67 -107.6
3.9909 -100.2 -107.8
3.2170 -101.9 -108.2
2.1768 -103.4 -108.9
0.7335 -105.1 -109.6
-0.727 -105.8 -110.6
-2.620 -105.6 -112.4
-4.417 -105.2 -114.2
-8.844 -100.3 -118.2
-1.012 62.021 -8.457
-1.046 61.381 -8.375
-1.143 59.292 -8.114
-1.253 56.546 -7.768
-1.385 53.000 -7.291
-1.503 48.614 -6.702
-1.584 43.393 -5.982
-1.609 37.652 -5.154
-1.573 32.688 -4.420
-1.478 28.127 -3.756
-1.372 24.612 -3.237
-1.272 21.851 -2.825
-1.208 20.355 -2.614
-1.202 20.246 -2.599
-1.221 20.679 -2.660
-1.258 21.569 -2.790
-1.305 22.776 -2.968
-1.364 24.385 -3.206
-1.421 26.135 -3.466
-1.475 28.025 -3.744
-1.527 30.298 -4.082
-1.573 32.821 -4.448
-1.606 35.801 -4.880
-1.612 39.358 -5.400
-1.592 43.518 -5.989
-1.518 48.028 -6.620
-1.382 52.934 -7.290
-1.198 57.893 -7.939
-1.016 61.986 -8.442
-0.815 65.657 -8.884
-0.702 67.516 -9.103
-0.663 68.172 -9.179
-0.652 68.356 -9.200
-0.680 67.891 -9.147
-0.895 64.169 -8.711
-1.131 59.522 -8.139
-1.301 55.363 -7.609
-1.443 50.993 -7.028
-1.539 46.997 -6.478
-1.592 43.244 -5.953
-1.612 39.855 -5.470
-1.610 36.793 -5.025
-1.586 34.075 -4.634
-1.548 31.442 -4.247
-1.497 28.931 -3.877
-1.436 26.615 -3.535
-1.364 24.331 -3.199
-1.288 22.308 -2.903
-1.225 20.753 -2.672
-1.172 19.527 -2.492
-1.154 19.136 -2.435
-1.169 19.488 -2.485
-1.222 20.730 -2.666
-1.292 22.448 -2.921
-1.376 24.616 -3.230
-1.468 27.783 -3.706
-1.557 31.938 -4.320
-1.612 37.027 -5.056
-1.595 42.315 -5.823
-1.501 48.271 -6.669
-1.378 53.199 -7.327
-1.255 56.823 -7.789
-1.152 59.073 -8.084
-1.099 60.186 -8.229
-1.075 60.690 -8.293
-1.073 60.752 -8.301
-1.123 59.717 -8.167
-1.252 56.706 -7.782
-1.373 53.160 -7.326
-1.498 48.743 -6.723
-1.584 43.775 -6.033
-1.609 38.285 -5.256
-1.564 32.653 -4.430
-1.485 28.255 -3.765
-1.382 24.799 -3.259
-1.293 22.421 -2.917
-1.228 20.792 -2.676
-1.201 20.199 -2.590
-1.205 20.300 -2.605
-1.252 21.448 -2.772
-1.312 22.999 -3.000
-1.364 24.424 -3.210
-1.420 26.111 -3.461
-1.476 28.099 -3.757
-1.530 30.368 -4.087
-1.574 33.020 -4.478
-1.606 35.816 -4.882
-1.618 39.093 -5.356
-1.588 43.201 -5.955
-1.507 48.294 -6.668
-1.376 53.246 -7.332
-1.204 57.811 -7.924
-1.012 61.893 -8.440
-0.849 65.099 -8.818
-0.693 67.735 -9.125
-0.635 68.618 -9.229
-0.656 68.372 -9.197
-0.747 66.923 -9.031
-0.898 64.029 -8.704
-1.124 59.432 -8.139
-1.322 54.750 -7.530
-1.452 50.758 -6.993
-1.536 47.036 -6.484
-1.591 43.471 -5.984
-1.613 40.058 -5.498
-1.608 36.941 -5.049
-1.588 34.090 -4.631
-1.549 31.513 -4.257
-1.497 28.966 -3.883
-1.430 26.440 -3.511
-1.360 24.245 -3.186
-1.282 22.124 -2.874
-1.216 20.546 -2.644
-1.195 20.070 -2.573
-1.187 19.906 -2.548
-1.187 19.886 -2.544
-1.212 20.468 -2.627
-1.288 22.300 -2.897
-1.371 24.581 -3.236
-1.461 27.342 -3.632
-1.544 31.200 -4.212
-1.597 37.749 -5.196
-1.575 44.213 -6.095
-1.012 62.021 -8.457
10.199 -96.06 11.168
10.020 -95.78 11.295
9.5901 -94.82 11.606
9.2121 -93.47 11.892
8.8126 -91.70 12.206
8.4330 -89.49 12.502
8.0286 -86.88 12.738
7.6127 -84.01 12.842
7.3139 -81.53 12.825
7.1505 -79.25 12.687
7.1324 -77.46 12.453
7.1967 -76.01 12.192
7.4179 -75.17 11.850
7.7612 -75.03 11.428
8.1441 -75.09 10.998
8.5650 -75.37 10.555
9.0206 -75.81 10.096
9.5058 -76.45 9.6279
9.9779 -77.16 9.1699
10.451 -77.95 8.7101
10.887 -78.89 8.2823
11.293 -79.91 7.8529
11.643 -81.13 7.4757
11.915 -82.63 7.2062
12.136 -84.42 6.9452
12.227 -86.38 6.7583
12.176 -88.54 6.7549
11.996 -90.73 7.0025
11.806 -92.54 7.2989
11.588 -94.16 7.7081
11.347 -94.91 8.1308
11.125 -95.12 8.4592
11.006 -95.18 8.6074
10.991 -94.95 8.5990
10.978 -93.14 8.4221
10.966 -90.91 8.1695
10.983 -88.95 7.8816
10.998 -86.92 7.5666
10.961 -85.10 7.3157
10.908 -83.43 7.0513
10.735 -81.95 7.0900
10.421 -80.65 7.3460
10.009 -79.54 7.6508
9.6066 -78.49 7.9691
9.1939 -77.52 8.3076
8.7714 -76.65 8.6730
8.3290 -75.81 9.0604
7.8899 -75.09 9.4679
7.4988 -74.51 9.8636
7.1324 -74.02 10.261
6.8550 -73.88 10.635
6.6437 -74.04 10.995
6.5216 -74.57 11.328
6.4672 -75.36 11.611
6.4473 -76.40 11.839
6.6405 -77.88 12.059
7.0052 -79.75 12.342
7.5565 -82.04 12.580
8.3207 -84.43 12.600
9.4597 -87.07 12.408
10.197 -89.54 12.140
10.397 -91.85 11.845
10.336 -93.75 11.556
10.238 -94.88 11.404
10.088 -95.41 11.349
9.8905 -95.50 11.379
9.6082 -95.01 11.547
9.2104 -93.54 11.903
8.8324 -91.78 12.246
8.4330 -89.56 12.551
8.0302 -87.07 12.750
7.6308 -84.33 12.849
7.3189 -81.51 12.822
7.1571 -79.30 12.689
7.1521 -77.55 12.457
7.2710 -76.30 12.153
7.4493 -75.38 11.820
7.7431 -74.96 11.436
8.1062 -74.92 11.017
8.5601 -75.32 10.554
9.0388 -75.91 10.086
9.5075 -76.47 9.6262
9.9779 -77.15 9.1699
10.428 -77.97 8.7320
10.865 -78.90 8.3042
11.263 -80.00 7.9001
11.620 -81.14 7.5009
11.932 -82.50 7.1338
12.206 -84.25 6.8442
12.293 -86.50 6.6842
12.229 -88.69 6.7179
12.067 -90.70 6.9334
11.800 -92.48 7.3174
11.557 -93.88 7.7014
11.283 -95.01 8.1931
11.169 -95.38 8.4103
11.151 -95.23 8.4272
11.067 -94.47 8.4625
10.940 -93.07 8.4558
10.927 -90.85 8.2301
10.940 -88.63 7.9320
10.984 -86.79 7.6205
11.004 -85.12 7.3174
10.829 -83.55 7.1877
10.603 -82.07 7.2062
10.370 -80.73 7.3729
10.062 -79.54 7.6222
9.6297 -78.52 7.9523
9.2054 -77.53 8.2958
8.7565 -76.58 8.6697
8.3191 -75.77 9.0604
7.8867 -75.02 9.4611
7.4889 -74.46 9.8687
7.1753 -74.24 10.242
6.9079 -74.16 10.614
6.6784 -74.19 10.986
6.5101 -74.47 11.335
6.4672 -75.28 11.618
6.4886 -76.35 11.866
6.5513 -77.71 12.059
6.8138 -79.53 12.231
7.6308 -82.47 12.436
8.6063 -85.32 12.583
10.199 -96.06 11.168
-3.135 92.836 102.11
-3.549 93.522 102.15
-4.563 94.790 102.15
-5.476 95.242 102.01
-6.342 95.521 101.71
-6.977 95.716 101.24
-7.451 95.538 100.67
-7.794 94.857 99.999
-7.988 94.221 99.212
-8.134 93.548 98.297
-8.153 92.834 97.253
-8.024 92.098 96.115
-7.721 91.323 94.862
-7.364 90.516 93.592
-6.947 89.562 92.287
-6.386 89.051 90.915
-5.760 88.907 89.523
-5.087 88.922 88.125
-4.320 89.120 86.709
-3.418 89.540 85.288
-2.653 89.946 83.863
-2.085 90.302 82.388
-1.706 90.549 80.924
-1.481 90.508 79.590
-1.413 90.271 78.341
-1.436 89.812 77.266
-1.466 89.149 76.335
-1.580 88.305 75.586
-1.803 87.480 74.956
-2.123 86.568 74.461
-2.408 85.874 74.112
-2.613 85.449 73.833
-2.762 85.294 73.693
-2.863 85.336 73.694
-2.899 85.640 73.910
-2.874 86.213 74.505
-2.819 86.963 75.386
-2.710 87.946 76.647
-2.570 89.061 78.165
-2.389 90.441 79.989
-2.180 91.491 81.998
-1.976 92.057 84.124
-1.691 92.182 86.353
-1.244 92.048 88.433
-0.603 91.722 90.427
0.1654 91.285 92.203
1.0120 90.721 93.814
1.9498 90.138 95.160
2.8725 89.866 96.226
3.8161 89.821 97.011
4.6208 89.861 97.595
5.3380 89.938 98.046
5.8460 90.037 98.356
6.0153 90.008 98.725
6.0419 89.850 99.126
5.9772 89.574 99.554
5.4426 89.361 99.995
4.0406 89.251 100.41
2.3227 89.030 100.77
-0.057 88.634 101.11
-1.847 88.645 101.44
-2.442 89.300 101.68
-2.370 90.444 101.86
-2.686 91.543 102.01
-3.194 92.745 102.13
-3.848 93.819 102.16
-4.662 94.787 102.09
-5.575 95.512 101.94
-6.371 95.780 101.76
-7.103 95.776 101.33
-7.504 95.456 100.73
-7.731 94.913 100.06
-7.959 94.208 99.216
-8.132 93.551 98.266
-8.111 92.868 97.211
-7.944 92.121 96.067
-7.714 91.277 94.867
-7.356 90.403 93.585
-6.930 89.646 92.276
-6.428 88.918 90.935
-5.827 88.533 89.550
-5.117 88.641 88.142
-4.312 89.138 86.714
-3.547 89.535 85.278
-2.764 89.950 83.822
-2.151 90.266 82.388
-1.757 90.463 80.945
-1.548 90.529 79.551
-1.390 90.428 78.313
-1.386 89.879 77.202
-1.481 89.134 76.285
-1.609 88.347 75.528
-1.807 87.473 74.963
-2.039 86.680 74.477
-2.391 85.834 74.068
-2.612 85.509 73.873
-2.688 85.533 73.796
-2.764 85.566 73.774
-2.874 85.645 73.813
-2.960 85.981 74.257
-2.939 86.680 75.186
-2.796 87.760 76.464
-2.556 89.102 78.172
-2.347 90.208 80.008
-2.128 91.236 82.057
-1.974 91.857 84.175
-1.725 92.100 86.326
-1.196 92.039 88.487
-0.584 91.821 90.460
0.1236 91.279 92.300
0.9416 90.718 93.860
1.8852 90.268 95.193
2.8897 89.889 96.227
3.7495 89.695 97.016
4.5542 89.851 97.534
5.2124 89.994 97.956
5.8155 89.947 98.382
6.2169 89.871 98.759
6.2530 89.837 99.152
6.0723 89.650 99.542
5.5397 89.377 99.943
3.8485 89.134 100.45
1.7121 89.002 100.90
-3.135 92.836 102.11
18.979 24.749 14.151
18.794 24.310 14.021
18.214 22.981 13.590
17.485 21.325 13.011
16.586 19.161 12.246
15.491 16.801 11.377
14.272 14.397 10.476
12.885 11.914 9.4990
11.391 9.5936 8.5080
9.6694 7.2974 7.4921
8.2322 5.4364 6.4099
7.0625 3.9032 5.3335
6.3249 3.0062 4.1493
6.3420 2.9058 2.7328
7.0026 3.0432 1.3281
7.4740 3.7569 -0.053
7.4715 5.1157 -1.431
6.9989 7.1194 -2.802
6.1124 9.2905 -4.186
4.7900 11.814 -5.564
3.1794 14.365 -6.974
1.4748 16.797 -8.471
-0.477 19.166 -9.981
-2.590 21.439 -11.33
-4.896 23.619 -12.60
-7.353 25.725 -13.69
-10.00 27.954 -14.66
-12.67 30.039 -15.47
-14.91 31.581 -16.15
-16.82 32.617 -16.67
-18.39 33.188 -17.05
-19.73 33.541 -17.42
-20.75 33.465 -17.62
-21.55 33.039 -17.53
-22.10 32.314 -17.31
-22.53 30.919 -16.84
-22.59 28.797 -15.92
-21.75 25.789 -14.32
-20.47 22.387 -12.51
-18.67 18.394 -10.38
-16.13 14.697 -8.102
-13.08 11.359 -5.720
-9.369 8.7054 -3.363
-5.319 7.3115 -1.413
-0.923 6.3704 0.4426
3.4065 5.7148 2.2906
7.8098 5.7483 3.9300
12.037 6.7916 5.1367
15.381 7.8912 6.1752
18.110 9.2940 7.0179
19.600 10.802 7.7043
20.384 12.207 8.2709
20.816 13.511 8.7036
20.988 14.720 9.2014
20.407 15.966 9.7811
19.685 17.139 10.364
19.145 18.258 10.940
18.643 19.242 11.492
18.298 19.924 11.966
18.042 20.220 12.358
18.091 20.711 12.731
18.483 21.936 13.219
18.955 23.290 13.669
19.054 23.690 13.810
18.864 23.880 13.880
18.617 23.979 13.912
18.247 23.226 13.664
17.497 21.191 12.976
16.606 19.175 12.264
15.546 16.880 11.448
14.302 14.480 10.535
12.907 12.023 9.5618
11.380 9.5777 8.5056
9.8575 7.4753 7.4565
8.0954 5.6232 6.4051
7.1271 4.2063 5.2648
6.8341 3.1807 4.0284
6.7364 2.7595 2.7245
6.8280 2.8000 1.4194
7.4837 3.5208 -0.026
8.0014 4.8672 -1.484
7.5655 6.7652 -2.843
6.1173 9.3081 -4.167
4.6984 11.764 -5.554
3.1196 14.314 -7.002
1.3429 16.792 -8.453
-0.492 19.111 -9.941
-2.536 21.319 -11.39
-4.818 23.568 -12.66
-7.396 25.886 -13.78
-9.965 27.991 -14.72
-12.47 30.071 -15.57
-14.87 31.736 -16.21
-16.90 32.480 -16.63
-18.41 32.958 -17.00
-19.57 33.328 -17.32
-20.81 33.585 -17.62
-21.78 33.280 -17.70
-22.13 32.390 -17.45
-22.39 31.148 -16.99
-22.62 29.172 -16.09
-22.20 26.220 -14.61
-20.53 22.361 -12.48
-18.52 18.664 -10.31
-15.98 14.841 -7.988
-12.84 11.606 -5.664
-9.359 8.8552 -3.364
-5.380 6.9361 -1.203
-1.061 6.1818 0.5695
3.6532 5.7025 2.2977
7.9880 5.7236 3.8790
11.937 6.4867 5.2138
15.335 7.9512 6.2119
17.864 9.2658 7.0191
19.657 10.661 7.6107
20.371 12.126 8.1618
20.654 13.523 8.7344
20.703 14.795 9.2583
20.414 16.003 9.7988
19.637 17.176 10.351
18.932 18.220 10.893
18.500 19.323 11.561
18.271 20.151 12.123
18.979 24.749 14.151
1.0742 -5.666 5.6291
0.7950 -5.554 5.6185
0.1610 -5.170 5.5528
-0.316 -4.628 5.4273
-0.729 -3.901 5.2407
-1.112 -3.029 5.0037
-1.473 -2.063 4.7456
-1.809 -0.999 4.4405
-2.120 0.0289 4.0932
-2.366 1.0697 3.7096
-2.764 2.0047 3.2613
-3.338 2.8449 2.7615
-4.110 3.5413 2.1936
-5.089 4.0629 1.5776
-6.335 4.4195 0.8994
-7.519 4.5899 0.2001
-8.552 4.5899 -0.499
-9.442 4.3927 -1.203
-10.13 4.1821 -1.892
-10.67 3.9169 -2.570
-10.87 3.6294 -3.230
-10.87 3.3608 -3.901
-10.71 3.1068 -4.541
-10.31 2.8638 -5.085
-9.467 2.6298 -5.556
-8.250 2.2955 -5.896
-6.753 1.8096 -6.136
-5.016 1.2391 -6.244
-3.494 0.7577 -6.264
-2.096 0.3377 -6.267
-0.838 -0.053 -6.258
0.2989 -0.423 -6.247
1.3107 -0.780 -6.206
2.3203 -1.168 -6.127
3.3496 -1.585 -6.011
4.1544 -2.007 -5.794
4.7698 -2.451 -5.497
5.0939 -2.876 -5.087
5.0687 -3.201 -4.579
4.7556 -3.466 -3.979
4.1927 -3.584 -3.251
3.4131 -3.585 -2.403
2.4583 -3.506 -1.455
1.6524 -3.410 -0.543
0.9023 -3.242 0.3738
0.3865 -3.042 1.1963
0.1041 -2.834 1.9261
0.0416 -2.609 2.5315
0.0920 -2.401 2.9926
0.3581 -2.199 3.3001
0.7074 -2.053 3.5124
1.0578 -1.957 3.6696
1.4399 -1.930 3.7705
1.7827 -1.970 3.9266
2.1101 -2.116 4.1237
2.3422 -2.374 4.3290
2.4813 -2.711 4.5355
2.5108 -3.143 4.7397
2.4441 -3.612 4.9240
2.2196 -4.156 5.0941
2.0017 -4.619 5.2360
1.9053 -4.962 5.3580
1.8199 -5.197 5.4519
1.5834 -5.367 5.5270
1.1169 -5.462 5.5857
0.5968 -5.449 5.6045
0.1259 -5.215 5.5575
-0.324 -4.622 5.4155
-0.737 -3.925 5.2419
-1.113 -3.065 5.0283
-1.467 -2.097 4.7585
-1.794 -1.059 4.4546
-2.115 0.0323 4.0944
-2.475 1.0285 3.6919
-2.823 1.9734 3.2484
-3.377 2.7903 2.7428
-4.169 3.5826 2.1842
-5.184 4.1743 1.5623
-6.316 4.3715 0.9100
-7.622 4.5264 0.2048
-8.721 4.6524 -0.509
-9.537 4.5565 -1.204
-10.11 4.1910 -1.889
-10.53 3.8980 -2.566
-10.78 3.6071 -3.243
-10.85 3.3463 -3.889
-10.79 3.1502 -4.531
-10.35 2.9541 -5.117
-9.529 2.6621 -5.583
-8.279 2.2944 -5.957
-6.805 1.8520 -6.172
-5.195 1.3249 -6.277
-3.489 0.7555 -6.291
-2.064 0.2964 -6.276
-0.872 -0.063 -6.261
0.2245 -0.412 -6.234
1.3261 -0.783 -6.204
2.3554 -1.163 -6.141
3.3617 -1.577 -6.016
4.4829 -2.044 -5.851
4.9571 -2.450 -5.554
4.9647 -2.827 -5.137
4.9395 -3.185 -4.581
4.8311 -3.444 -3.939
4.1687 -3.581 -3.193
3.3233 -3.556 -2.362
2.4889 -3.464 -1.458
1.5998 -3.361 -0.501
0.8694 -3.254 0.3856
0.1917 -3.055 1.2456
-0.047 -2.844 1.9671
0 -2.635 2.5550
0.1347 -2.403 2.9891
0.3657 -2.215 3.3095
0.7063 -2.039 3.4854
1.0720 -1.974 3.6274
1.4345 -1.986 3.7917
1.8013 -2.019 3.9501
2.1276 -2.075 4.1260
2.4484 -2.311 4.3243
2.5459 -2.664 4.5250
2.4660 -3.219 4.7726
2.3707 -3.780 4.9838
1.0742 -5.666 5.6291
0 11.120 0
0 11.120 0
0 11.120 0
0 11.120 0
0 11.120 0
0 11.120 0
0 11.120 0
0 11.120 0
0 11.120 0
0 11.120 0
0 11.120 0
0 11.120 0
0 11.120 0
0 11.120 0
0 11.120 0
0 11.120 0
0 11.120 0
0 11.120 0
0 11.120 0
0 11.120 0
0 11.120 0
0 11.120 0
0 11.120 0
0 11.120 0
0 11.120 0
0 11.120 0
0 11.120 0
0 11.120 0
0 11.120 0
0 11.120 0
0 11.120 0
0 11.120 0
0 11.120 0
0 11.120 0
0 11.120 0
0 11.120 0
0 11.120 0
0 11.120 0
0 11.120 0
0 11.120 0
0 11.120 0
0 11.120 0
0 11.120 0
0 11.120 0
0 11.120 0
0 11.120 0
0 11.120 0
0 11.120 0
0 11.120 0
0 11.120 0
0 11.120 0
0 11.120 0
0 11.120 0
0 11.120 0
0 11.120 0
0 11.120 0
0 11.120 0
0 11.120 0
0 11.120 0
0 11.120 0
0 11.120 0
0 11.120 0
0 11.120 0
0 11.120 0
0 11.120 0
0 11.120 0
0 11.120 0
0 11.120 0
0 11.120 0
0 11.120 0
0 11.120 0
0 11.120 0
0 11.120 0
0 11.120 0
0 11.120 0
0 11.120 0
0 11.120 0
0 11.120 0
0 11.120 0
0 11.120 0
0 11.120 0
0 11.120 0
0 11.120 0
0 11.120 0
0 11.120 0
0 11.120 0
0 11.120 0
0 11.120 0
0 11.120 0
0 11.120 0
0 11.120 0
0 11.120 0
0 11.120 0
0 11.120 0
0 11.120 0
0 11.120 0
0 11.120 0
0 11.120 0
0 11.120 0
0 11.120 0
0 11.120 0
0 11.120 0
0 11.120 0
0 11.120 0
0 11.120 0
0 11.120 0
0 11.120 0
0 11.120 0
0 11.120 0
0 11.120 0
0 11.120 0
0 11.120 0
0 11.120 0
0 11.120 0
0 11.120 0
0 11.120 0
0 11.120 0
0 11.120 0
0 11.120 0
0 11.120 0
0 11.120 0
0 11.120 0
0 11.120 0
0 11.120 0
4.5306 40.856 164.59
4.0504 40.613 164.73
2.8677 40.000 165.37
1.7917 39.417 166.40
0.6378 38.810 167.84
-0.445 38.079 169.78
-1.370 37.288 172.07
-2.193 36.325 174.85
-3.028 35.103 177.94
-3.912 33.661 181.35
-4.836 32.040 185.05
-5.698 30.231 189.01
-6.437 28.207 193.28
-7.167 26.232 197.60
-7.867 24.257 202.03
-8.528 22.289 206.44
-9.138 20.323 210.80
-9.723 18.378 215.08
-10.35 16.497 219.21
-11.04 14.712 223.22
-11.71 12.814 227.09
-12.39 10.621 230.95
-12.98 8.3667 234.60
-13.32 6.4636 237.79
-13.44 4.7986 240.62
-13.32 3.6047 242.80
-13.03 2.8005 244.44
-12.57 2.4043 245.47
-12.01 2.2028 246.23
-11.20 2.3526 246.62
-10.56 3.1069 246.67
-10.09 4.2275 246.60
-9.470 5.7859 246.36
-8.803 7.7090 245.99
-8.453 10.156 244.90
-8.116 13.157 243.02
-7.666 16.560 240.71
-7.077 20.396 237.65
-6.222 24.259 234.12
-5.183 28.355 230.10
-3.647 31.973 225.63
-1.787 35.147 220.82
0.0987 37.904 215.51
1.8328 40.095 210.16
3.5069 41.757 204.59
4.7474 42.939 199.09
5.5433 43.793 193.58
5.9090 44.218 188.27
6.0779 44.554 183.78
6.0946 44.759 180.05
6.0046 44.830 177.10
5.8312 44.835 174.71
5.5922 44.699 172.99
5.4532 44.429 171.43
5.3977 43.996 170.12
5.3632 43.552 169.08
5.3121 43.164 168.22
5.2709 42.811 167.60
5.2654 42.526 167.16
5.3210 42.328 166.97
5.2743 42.105 166.67
5.0675 41.818 165.91
4.7440 41.494 165.10
4.4495 41.162 164.89
4.2138 40.839 164.88
3.7380 40.421 164.92
2.8321 39.940 165.27
1.6094 39.411 166.34
0.5634 38.808 167.76
-0.384 38.155 169.59
-1.296 37.318 171.94
-2.207 36.342 174.68
-3.083 35.137 177.91
-3.929 33.670 181.39
-4.821 31.958 185.14
-5.677 30.123 189.13
-6.466 28.257 193.28
-7.193 26.300 197.63
-7.862 24.299 202.01
-8.451 22.219 206.50
-9.047 20.203 210.88
-9.684 18.333 215.10
-10.35 16.527 219.19
-11.04 14.617 223.19
-11.79 12.629 227.12
-12.43 10.602 230.86
-12.97 8.4317 234.53
-13.34 6.3254 237.90
-13.49 4.6737 240.72
-13.46 3.3184 243.06
-13.09 2.7222 244.66
-12.53 2.4925 245.68
-11.95 2.3743 246.17
-11.39 2.4809 246.57
-10.63 3.1535 246.76
-9.947 4.3623 246.64
-9.394 5.7959 246.37
-8.901 7.7207 245.83
-8.477 10.115 244.95
-8.136 12.972 243.43
-7.676 16.327 241.04
-7.076 20.140 238.00
-6.237 24.284 234.14
-5.060 28.115 229.97
-3.572 31.827 225.48
-1.916 35.075 220.56
0 37.861 215.43
2.0551 40.070 210.11
3.6402 41.825 204.68
4.9564 43.082 198.99
5.6745 43.895 193.49
5.9979 44.444 188.30
6.0891 44.599 183.77
6.0713 44.639 180.11
5.8857 44.749 177.26
5.7723 44.809 175.02
5.7000 44.671 173.05
5.5244 44.324 171.45
5.3788 43.991 170.05
5.3332 43.567 168.97
5.3165 43.159 168.18
5.2765 42.751 167.45
5.2509 42.434 167.02
4.5306 40.856 164.59
-25.76 32.687 -36.93
-25.10 32.805 -36.84
-23.25 33.100 -36.75
-21.19 33.376 -36.89
-18.79 33.690 -37.24
-15.78 34.065 -37.82
-12.12 34.897 -38.58
-8.008 35.593 -39.61
-4.145 34.978 -40.82
-0.045 34.088 -41.97
3.5023 33.305 -42.42
6.5675 31.544 -42.75
8.2064 28.254 -43.19
7.7164 25.325 -43.06
6.4465 22.086 -42.57
4.9160 18.839 -41.37
3.1353 15.812 -39.47
1.3473 12.874 -36.90
0.2516 9.9687 -34.10
-0.561 7.1322 -30.76
-0.862 4.5009 -28.04
-0.595 1.9502 -26.33
0.2349 -0.383 -25.42
1.1086 -2.372 -24.75
2.1355 -4.107 -24.51
3.3053 -5.194 -24.38
4.4834 -5.893 -24.27
5.5760 -6.395 -24.18
6.5539 -6.736 -23.72
7.5558 -6.540 -22.83
8.6682 -5.724 -21.31
9.8776 -4.545 -19.34
11.194 -2.754 -16.70
12.590 -0.478 -13.54
14.121 2.3557 -9.778
15.439 5.5977 -5.498
16.323 9.2129 -0.770
16.456 13.212 4.3765
15.964 17.010 9.3423
14.779 20.747 14.312
13.134 24.014 18.693
11.215 27.187 23.023
9.0290 29.542 26.237
7.1159 30.201 26.985
5.6792 30.491 27.186
4.6273 30.584 27.180
3.8609 29.989 25.452
3.1416 28.660 20.584
1.9426 27.789 14.899
0.4434 27.171 7.6727
-1.734 26.729 0.3110
-4.703 26.514 -6.865
-8.240 26.431 -13.58
-11.50 26.130 -18.51
-14.71 25.676 -21.81
-17.53 25.160 -23.99
-19.96 24.312 -25.61
-21.91 23.620 -26.53
-23.50 24.037 -27.53
-24.97 24.623 -28.69
-26.15 25.143 -30.37
-26.90 26.602 -32.43
-26.91 29.088 -34.27
-26.47 30.772 -35.56
-25.66 32.130 -36.43
-24.47 32.989 -36.87
-23.19 33.222 -36.90
-21.46 33.070 -36.69
-19.00 33.406 -36.98
-15.83 34.261 -37.85
-12.20 34.931 -38.83
-8.253 35.323 -39.72
-4.064 35.291 -40.63
-0.272 34.526 -41.45
3.4231 33.019 -42.16
6.0170 30.851 -42.81
7.5037 28.226 -43.26
7.6778 25.107 -43.10
6.7927 22.014 -42.56
4.8566 18.793 -41.67
2.9393 15.687 -39.98
1.4766 12.745 -37.31
0.2860 9.9456 -34.01
-0.578 7.2797 -31.21
-0.728 4.5447 -28.62
-0.375 2.0124 -26.66
0.2213 -0.328 -25.37
1.1962 -2.379 -24.77
2.1783 -4.063 -24.48
3.2469 -5.459 -24.50
4.4000 -6.213 -24.40
5.5249 -6.602 -24.16
6.5988 -6.628 -23.68
7.6726 -6.277 -22.67
8.6985 -5.595 -21.19
9.8672 -4.349 -19.11
11.329 -2.685 -16.61
12.863 -0.416 -13.48
14.045 2.3534 -9.831
15.234 5.5977 -5.601
16.392 9.0309 -0.989
16.826 12.841 4.0407
15.990 17.019 9.3599
14.813 20.696 14.167
13.068 24.081 18.656
11.107 26.809 22.372
9.0769 29.162 25.850
7.0647 30.710 28.186
5.5770 31.079 28.441
4.7034 30.549 27.598
3.8818 29.696 25.077
3.0217 28.770 20.908
1.9739 27.742 14.888
0.2224 27.067 8.2214
-2.167 26.717 0.2836
-4.994 26.457 -6.984
-8.150 26.231 -13.07
-11.57 26.040 -18.05
-14.70 25.673 -21.83
-17.75 25.141 -24.38
-20.26 24.662 -25.98
-22.54 24.224 -27.32
-24.03 23.890 -28.02
-25.76 32.687 -36.93
78.325 95.122 187.33
78.813 94.161 186.43
80.078 92.672 185.15
81.368 93.403 186.12
82.862 95.457 188.43
84.468 99.560 192.81
85.990 109.34 202.88
87.194 133.65 227.51
87.498 175.22 269.50
86.473 -150.1 -55.37
85.015 -135.6 -40.33
83.640 -128.8 -33.32
82.513 -125.4 -29.64
81.679 -123.4 -27.52
81.161 -122.3 -26.37
80.922 -121.9 -25.85
80.779 -121.6 -25.55
80.738 -121.6 -25.47
80.736 -121.5 -25.45
80.740 -121.5 -25.39
80.742 -121.5 -25.36
80.742 -121.5 -25.36
80.740 -121.5 -25.41
80.745 -121.6 -25.56
80.920 -122.6 -26.49
81.396 -125.2 -29.23
82.143 -130.3 -34.53
83.004 -138.6 -43.03
83.601 -147.5 -52.02
83.970 -156.9 -61.33
84.203 -167.9 -72.43
84.248 -181.2 273.82
83.990 165.12 259.64
83.479 154.43 248.60
82.814 146.25 240.21
82.139 140.23 234.02
81.485 135.58 229.20
80.923 132.07 225.53
80.466 129.17 222.50
80.088 127.00 220.21
79.784 125.36 218.48
79.571 123.74 216.78
79.487 121.98 214.96
79.395 120.34 213.25
79.326 118.75 211.61
79.246 117.13 209.93
79.141 115.62 208.37
79.005 114.01 206.69
78.800 111.88 204.49
78.498 109.23 201.73
78.203 106.93 199.34
77.942 105.00 197.34
77.738 103.61 195.90
77.649 103.10 195.36
77.616 102.91 195.15
77.603 102.87 195.10
77.588 102.91 195.14
77.573 103.06 195.29
77.556 103.23 195.45
77.534 103.46 195.68
77.525 103.56 195.78
77.612 102.51 194.72
77.851 100.01 192.21
78.120 97.852 190.07
78.490 95.578 187.83
79.170 93.936 186.28
80.151 92.881 185.37
81.453 92.815 185.52
82.865 94.463 187.41
84.415 99.313 192.54
85.960 109.84 203.39
87.222 133.07 226.98
87.500 175.39 269.68
86.590 -152.6 -57.91
85.119 -136.4 -41.33
83.729 -129.2 -33.70
82.580 -125.5 -29.76
81.748 -123.5 -27.66
81.149 -122.3 -26.35
80.807 -121.7 -25.62
80.736 -121.6 -25.46
80.736 -121.6 -25.46
80.736 -121.6 -25.46
80.736 -121.6 -25.46
80.736 -121.6 -25.46
80.736 -121.6 -25.46
80.736 -121.6 -25.46
80.736 -121.6 -25.46
80.792 -121.8 -25.75
81.275 -124.5 -28.51
82.011 -129.4 -33.56
82.817 -136.7 -40.98
83.594 -147.5 -51.99
84.062 -158.8 -63.48
84.277 -170.0 -74.88
84.272 -181.8 273.04
83.999 165.78 260.40
83.479 154.81 249.06
82.819 146.39 240.36
82.059 139.82 233.59
81.392 135.09 228.68
80.859 131.67 225.12
80.462 129.26 222.59
80.102 127.17 220.39
79.821 125.35 218.47
79.626 123.65 216.69
79.491 121.97 214.95
79.424 120.31 213.24
79.345 118.70 211.57
79.237 117.22 210.03
79.113 115.63 208.37
78.972 113.85 206.52
78.798 111.87 204.47
78.564 109.66 202.18
78.242 107.11 199.53
77.960 105.14 197.48
77.771 103.86 196.15
77.669 103.18 195.44
77.618 102.94 195.19
77.593 102.84 195.07
77.588 102.82 195.04
77.575 102.99 195.21
77.553 103.27 195.50
78.325 95.122 187.33
55.966 -55.13 80.020
55.459 -54.43 80.857
54.041 -51.93 83.212
52.317 -48.46 85.740
49.791 -44.28 88.235
46.480 -39.73 90.299
42.368 -35.22 91.687
37.537 -30.97 92.049
32.940 -27.79 91.130
28.668 -25.19 89.202
24.498 -22.35 87.620
20.392 -19.15 86.296
16.276 -15.44 85.864
11.455 -11.32 86.826
5.7404 -6.396 88.268
0.9129 -2.563 90.110
-3.952 -1.310 92.275
-9.048 -3.501 95.484
-12.27 -7.329 100.10
-14.82 -13.06 106.64
-16.21 -17.96 113.49
-16.27 -20.96 119.66
-15.52 -22.52 125.24
-15.49 -23.46 130.21
-15.52 -23.86 134.74
-15.59 -24.01 138.36
-16.19 -23.87 141.34
-17.37 -23.16 143.18
-18.31 -22.37 143.91
-19.01 -21.09 143.92
-19.50 -19.95 143.59
-19.87 -19.15 143.19
-20.04 -18.69 142.58
-20.07 -18.80 142.09
-20.02 -19.95 141.91
-19.43 -21.08 141.22
-18.51 -21.78 140.01
-17.20 -22.65 138.19
-15.23 -23.66 135.52
-12.01 -23.74 131.59
-7.496 -23.63 126.62
-2.043 -23.85 120.56
4.4409 -24.22 113.61
10.935 -24.83 107.15
17.569 -25.98 100.26
24.306 -27.06 95.381
31.158 -28.28 91.406
37.774 -29.78 88.079
43.498 -31.47 86.626
48.674 -33.11 87.458
52.598 -35.44 88.451
55.564 -38.32 89.677
57.263 -41.39 90.585
57.339 -45.35 87.841
56.385 -49.83 84.865
55.644 -53.15 82.505
55.385 -55.14 80.549
55.302 -55.89 79.566
55.417 -55.87 79.469
56.164 -55.47 79.431
56.614 -55.26 79.404
56.557 -55.30 79.437
56.340 -55.34 79.583
56.046 -55.29 79.815
55.714 -54.89 80.387
55.082 -53.61 81.608
53.993 -51.75 83.309
52.310 -48.70 85.708
50.031 -44.51 88.257
46.707 -39.59 90.547
42.623 -34.99 91.838
37.994 -31.13 92.005
33.003 -27.71 91.228
28.419 -24.91 89.731
24.319 -22.60 87.512
20.459 -19.27 86.539
16.184 -15.00 86.750
11.372 -10.44 87.485
6.1874 -5.895 88.225
-0.530 -0.783 89.326
-4.617 0.4750 91.444
-7.739 -2.595 95.025
-12.11 -7.724 100.31
-15.05 -11.88 106.07
-16.03 -16.61 112.84
-16.04 -20.30 119.41
-15.64 -22.53 125.25
-14.97 -23.56 130.38
-15.19 -24.06 134.84
-15.75 -24.19 138.82
-16.43 -23.84 141.64
-17.27 -23.20 143.52
-18.25 -22.29 144.19
-19.02 -21.28 143.94
-19.62 -19.79 143.41
-19.82 -19.11 143.04
-19.83 -19.13 142.74
-19.86 -19.27 142.24
-19.93 -19.71 141.75
-19.88 -21.05 141.63
-19.07 -22.37 140.67
-17.60 -23.07 138.61
-15.10 -23.34 135.39
-11.57 -23.50 131.29
-7.002 -23.48 126.06
-1.551 -23.61 120.22
4.3930 -24.20 113.62
10.976 -25.10 106.59
17.611 -25.97 100.62
24.367 -27.23 95.149
30.982 -28.44 90.444
37.515 -29.80 87.220
43.553 -31.50 86.599
48.355 -33.60 86.599
52.349 -35.44 88.624
55.085 -38.11 89.802
56.634 -41.99 89.283
57.074 -46.02 87.868
56.787 -49.98 84.795
55.232 -54.19 81.414
54.405 -55.85 80.144
54.893 -55.81 79.869
55.724 -55.79 79.367
55.966 -55.13 80.020
-12.47 -94.55 8.5628
-12.47 -94.55 8.5628
-12.47 -94.55 8.5628
-12.47 -94.55 8.5628
-12.46 -94.43 8.5477
-12.42 -94.00 8.4923
-12.35 -93.20 8.3866
-12.21 -91.72 8.2002
-12.02 -89.86 7.9737
-11.83 -87.73 7.7068
-11.43 -84.39 7.3392
-10.94 -80.00 6.8407
-10.23 -74.19 6.2717
-9.168 -66.97 5.7631
-7.834 -57.96 5.2092
-6.477 -48.87 4.8719
-5.154 -40.35 4.7409
-3.832 -32.21 4.8820
-2.722 -24.84 5.2646
-1.709 -18.07 5.6977
-0.904 -12.46 6.0854
-0.306 -7.927 6.4731
0.1244 -4.525 6.8961
0.4988 -1.481 7.2385
0.8004 1.0743 7.5406
1.0267 3.0632 7.7773
1.2287 4.8420 7.9837
1.3580 5.9903 8.1197
1.3984 6.3471 8.1550
1.4146 6.4790 8.1650
1.4173 6.4937 8.1650
1.4011 6.3325 8.1398
1.3472 5.8144 8.0643
1.2853 5.1938 7.9737
1.2153 4.5048 7.8730
1.0832 3.2831 7.7169
0.8974 1.6314 7.5104
0.6281 -0.645 7.2385
0.2725 -3.529 6.9364
-0.163 -6.915 6.5486
-0.753 -11.32 6.1961
-1.518 -16.70 5.8336
-2.461 -23.02 5.4207
-3.441 -29.53 5.0532
-4.543 -36.40 4.8769
-5.639 -43.39 4.8769
-6.746 -50.42 4.9676
-7.824 -57.42 5.2294
-8.807 -64.06 5.5567
-9.706 -70.54 6.0200
-10.45 -76.20 6.5033
-11.08 -81.18 6.9767
-11.51 -85.20 7.4298
-11.87 -88.25 7.7773
-12.09 -90.43 8.0391
-12.16 -91.30 8.1499
-12.19 -91.59 8.1852
-12.20 -91.67 8.1953
-12.19 -91.62 8.1902
-12.16 -91.28 8.1499
-12.14 -91.08 8.1247
-12.23 -92.01 8.2406
-12.39 -93.74 8.4571
-12.45 -94.34 8.5377
-12.47 -94.53 8.5628
-12.47 -94.55 8.5628
-12.47 -94.55 8.5628
-12.47 -94.55 8.5628
-12.47 -94.55 8.5628
-12.44 -94.31 8.5326
-12.37 -93.46 8.4218
-12.24 -92.06 8.2406
-12.03 -89.86 7.9686
-11.74 -87.19 7.6514
-11.46 -84.17 7.2838
-10.88 -79.70 6.8407
-10.12 -73.75 6.2566
-9.125 -66.28 5.6423
-7.886 -58.10 5.2344
-6.401 -48.66 4.9021
-5.022 -39.72 4.7863
-3.821 -31.85 4.8316
-2.706 -24.87 5.1538
-1.787 -18.59 5.6624
-0.993 -13.01 6.1005
-0.365 -8.410 6.4832
0.1217 -4.564 6.8659
0.4772 -1.623 7.2335
0.7950 1.0450 7.5406
1.0644 3.3857 7.8125
1.2530 5.0423 8.0039
1.3769 6.1468 8.1298
1.4200 6.5621 8.1801
1.4227 6.5768 8.1801
1.4092 6.4351 8.1600
1.3796 6.1418 8.1146
1.3499 5.8144 8.0593
1.2987 5.3111 7.9888
1.2153 4.5243 7.8780
1.1210 3.5958 7.7420
0.9324 1.9392 7.5457
0.6604 -0.367 7.2738
0.2779 -3.504 6.9263
-0.214 -7.321 6.5738
-0.829 -11.81 6.1710
-1.572 -17.11 5.7531
-2.453 -23.01 5.3502
-3.474 -29.60 5.0733
-4.516 -36.35 4.9172
-5.655 -43.44 4.8719
-6.754 -50.46 4.9776
-7.816 -57.38 5.2042
-8.799 -64.07 5.5819
-9.677 -70.21 5.9847
-10.42 -76.00 6.4832
-11.03 -80.87 6.9616
-11.52 -84.99 7.3896
-11.84 -88.10 7.7622
-12.07 -90.34 8.0290
-12.21 -91.72 8.2002
-12.23 -92.04 8.2406
-12.21 -91.83 8.2154
-12.18 -91.49 8.1751
-12.47 -94.55 8.5628
40.235 -13.15 -125.3
40.291 -12.79 -124.2
40.393 -11.95 -121.8
40.431 -11.28 -120.1
40.419 -10.67 -118.9
40.389 -9.998 -118.2
40.370 -9.044 -117.7
40.318 -8.144 -117.9
40.182 -7.876 -119.3
40.076 -7.844 -121.9
39.952 -8.007 -125.0
39.862 -8.689 -128.8
39.929 -9.895 -133.0
40.050 -10.68 -135.8
40.156 -11.10 -137.5
40.736 -11.86 -138.4
42.100 -12.88 -138.9
44.317 -13.92 -139.0
46.812 -15.48 -139.2
50.226 -18.03 -139.6
51.745 -19.29 -139.4
50.211 -19.33 -139.0
46.910 -19.38 -139.1
44.675 -19.35 -138.9
42.805 -19.28 -138.8
42.104 -19.26 -138.7
42.131 -19.35 -138.6
42.225 -19.51 -138.7
42.304 -19.61 -138.7
42.394 -19.62 -138.8
42.545 -19.68 -139.1
42.730 -19.82 -139.5
42.982 -20.05 -140.2
43.299 -20.36 -141.1
43.642 -20.76 -142.1
44.245 -21.21 -143.2
45.349 -21.51 -144.0
46.940 -21.56 -144.6
48.519 -21.54 -145.0
50.464 -21.36 -145.1
51.308 -21.24 -145.1
49.616 -21.05 -144.0
45.666 -20.54 -141.2
42.413 -20.04 -138.8
39.070 -19.56 -136.3
36.756 -18.79 -134.0
35.508 -18.01 -132.0
34.890 -17.45 -130.7
34.683 -16.59 -129.7
36.134 -14.02 -127.9
37.973 -11.42 -126.3
39.662 -9.126 -125.0
41.015 -7.249 -123.9
41.192 -7.418 -123.9
40.744 -9.807 -124.5
40.272 -11.97 -125.2
40.054 -12.99 -125.4
39.975 -13.38 -125.5
39.982 -13.33 -125.5
40.076 -12.84 -125.4
40.133 -12.54 -125.4
40.125 -12.71 -125.4
40.118 -12.99 -125.5
40.125 -13.03 -125.2
40.216 -12.86 -124.6
40.336 -12.54 -123.5
40.404 -12.01 -121.6
40.404 -11.26 -119.6
40.412 -10.62 -118.9
40.412 -10.03 -118.5
40.382 -9.404 -118.1
40.284 -8.509 -118.0
40.167 -7.718 -119.1
40.133 -7.680 -121.5
40.016 -8.253 -125.4
39.952 -9.016 -129.3
39.948 -9.840 -132.6
40.054 -10.70 -135.4
40.318 -11.23 -137.4
40.487 -11.50 -138.5
41.177 -12.39 -139.3
43.627 -13.74 -139.5
47.113 -15.32 -139.0
48.681 -17.23 -139.3
49.397 -18.67 -139.4
49.311 -19.40 -139.3
47.441 -19.41 -139.0
44.234 -19.07 -138.8
42.756 -19.30 -138.8
42.183 -19.47 -138.7
42.116 -19.49 -138.7
42.168 -19.51 -138.7
42.304 -19.58 -138.8
42.440 -19.65 -138.8
42.579 -19.70 -139.1
42.768 -19.83 -139.6
42.975 -20.09 -140.3
43.250 -20.43 -141.2
43.634 -20.81 -142.1
44.064 -21.24 -143.2
44.893 -21.61 -144.2
46.834 -21.71 -144.8
48.986 -21.51 -145.0
49.288 -21.47 -145.0
49.137 -21.34 -144.6
48.606 -20.89 -143.2
46.160 -20.38 -141.0
41.784 -19.94 -138.3
38.810 -19.44 -136.0
36.530 -18.97 -134.1
35.297 -18.16 -132.3
34.770 -17.29 -130.6
34.992 -16.28 -129.3
36.002 -14.40 -128.2
38.286 -10.93 -126.2
39.711 -8.793 -125.0
40.171 -8.466 -124.6
40.634 -8.771 -124.4
40.921 -9.649 -124.4
40.336 -12.42 -125.2
39.873 -13.92 -125.7
39.926 -13.63 -125.6
40.020 -13.14 -125.5
40.235 -13.15 -125.3
-83.13 103.56 157.21
-83.14 103.41 157.37
-83.16 103.07 157.70
-83.17 102.88 157.89
-83.15 102.74 158.03
-83.10 102.45 158.32
-83.00 101.99 158.77
-82.84 101.30 159.45
-82.60 100.47 160.27
-82.29 99.550 161.18
-81.92 98.474 162.24
-81.50 97.343 163.36
-81.02 96.129 164.58
-80.54 94.883 165.85
-80.02 93.576 167.20
-79.55 92.335 168.56
-79.16 91.155 169.91
-78.83 90.023 171.26
-78.56 89.063 172.43
-78.35 88.168 173.56
-78.17 87.558 174.28
-77.98 87.190 174.57
-77.81 87.036 174.58
-77.70 87.031 174.47
-77.62 87.728 173.66
-77.55 89.529 171.80
-77.46 92.505 168.82
-77.33 96.228 165.13
-77.23 99.105 162.28
-77.17 101.43 159.97
-77.16 103.47 157.94
-77.20 105.32 156.10
-77.30 107.02 154.41
-77.41 108.98 152.45
-77.54 111.23 150.21
-77.68 113.32 148.12
-77.84 115.18 146.27
-78.01 116.79 144.65
-78.19 118.17 143.28
-78.39 119.30 142.15
-78.60 120.19 141.26
-78.83 120.87 140.57
-79.07 121.28 140.15
-79.31 121.68 139.73
-79.54 122.03 139.39
-79.76 122.27 139.14
-79.95 122.58 138.82
-80.15 122.71 138.68
-80.40 122.27 139.10
-80.70 121.22 140.11
-80.99 119.82 141.46
-81.27 118.20 143.04
-81.53 116.35 144.83
-81.73 114.79 146.35
-81.90 113.49 147.60
-82.03 112.30 148.75
-82.15 111.03 149.98
-82.25 109.87 151.10
-82.33 108.99 151.95
-82.36 108.50 152.43
-82.42 107.75 153.16
-82.60 106.57 154.30
-82.86 105.33 155.50
-83.02 104.38 156.42
-83.11 103.72 157.07
-83.15 103.28 157.49
-83.16 103.01 157.76
-83.16 102.93 157.83
-83.17 102.81 157.96
-83.14 102.57 158.20
-83.03 102.07 158.69
-82.86 101.38 159.38
-82.60 100.47 160.27
-82.29 99.490 161.25
-81.91 98.452 162.27
-81.48 97.293 163.41
-81.02 96.080 164.62
-80.52 94.811 165.92
-80.03 93.582 167.20
-79.51 92.352 168.52
-79.09 91.204 169.81
-78.78 90.095 171.15
-78.56 89.057 172.44
-78.35 88.266 173.39
-78.15 87.657 174.06
-77.98 87.289 174.44
-77.81 87.058 174.59
-77.68 86.954 174.52
-77.64 87.179 174.19
-77.57 89.200 172.12
-77.46 92.104 169.21
-77.34 95.432 165.90
-77.23 99.127 162.26
-77.16 101.75 159.66
-77.17 103.50 157.92
-77.23 105.16 156.26
-77.30 107.11 154.32
-77.41 109.13 152.30
-77.53 111.21 150.23
-77.67 113.46 147.98
-77.83 115.43 146.02
-77.99 117.03 144.42
-78.18 118.23 143.22
-78.41 119.12 142.32
-78.63 119.96 141.47
-78.84 120.75 140.69
-79.06 121.32 140.11
-79.31 121.62 139.79
-79.54 121.99 139.42
-79.75 122.42 138.99
-79.96 122.61 138.79
-80.18 122.61 138.78
-80.40 122.27 139.10
-80.67 121.38 139.95
-80.98 119.80 141.49
-81.27 118.07 143.17
-81.52 116.46 144.72
-81.72 114.90 146.24
-81.90 113.48 147.61
-82.04 112.23 148.82
-82.15 111.09 149.92
-82.27 109.75 151.22
-82.35 108.68 152.26
-83.13 103.56 157.21
25.689 -7.405 -133.6
25.237 -7.602 -133.6
23.798 -8.176 -133.7
21.933 -8.810 -133.7
19.557 -9.453 -133.6
16.490 -10.40 -133.4
12.904 -11.42 -133.0
8.6053 -12.80 -132.1
3.7951 -14.89 -130.6
-1.763 -17.68 -128.1
-7.416 -20.87 -124.6
-12.85 -24.41 -120.2
-18.09 -28.35 -114.9
-22.99 -32.07 -109.3
-27.61 -35.89 -103.4
-31.60 -39.17 -98.15
-35.04 -42.13 -93.48
-37.98 -44.09 -90.35
-40.88 -44.48 -89.35
-43.72 -43.57 -89.87
-46.34 -41.69 -90.99
-48.83 -38.98 -92.56
-50.93 -35.45 -94.84
-52.55 -32.44 -96.66
-53.83 -29.80 -97.46
-54.19 -27.76 -97.66
-54.09 -26.24 -97.27
-53.92 -25.32 -96.59
-53.63 -24.67 -96.96
-53.12 -24.48 -97.45
-52.27 -24.30 -98.10
-51.20 -24.09 -99.02
-49.76 -23.71 -100.0
-47.95 -22.82 -100.7
-45.75 -21.70 -100.8
-43.18 -19.63 -99.71
-40.27 -16.79 -96.84
-36.98 -13.16 -92.60
-33.68 -9.183 -88.75
-30.31 -4.735 -84.05
-26.68 -0.094 -82.72
-22.92 5.0309 -85.27
-18.93 9.9290 -89.67
-14.69 13.074 -92.77
-10.14 15.259 -95.25
-6.161 15.392 -98.09
-2.395 14.334 -101.8
1.4191 12.864 -106.6
4.7589 11.398 -111.7
7.7042 9.6976 -117.4
10.371 8.0006 -122.4
12.909 6.4665 -126.4
15.172 4.9452 -129.4
17.365 3.4582 -131.5
19.467 1.9969 -132.5
21.274 0.4585 -133.2
22.829 -1.289 -134.4
24.044 -3.089 -135.4
25.084 -4.572 -135.5
25.994 -5.870 -134.9
26.344 -6.655 -134.4
26.362 -7.002 -134.1
26.241 -7.117 -134.0
26.003 -7.306 -133.8
25.622 -7.490 -133.7
24.797 -7.799 -133.6
23.654 -8.202 -133.6
21.978 -8.750 -133.7
19.678 -9.466 -133.6
16.777 -10.20 -133.5
13.133 -11.39 -133.1
8.7936 -12.87 -132.2
3.7144 -14.82 -130.6
-1.561 -17.43 -128.1
-7.255 -20.86 -124.4
-12.86 -24.49 -120.0
-18.20 -28.11 -114.9
-23.17 -31.92 -109.3
-27.67 -35.87 -103.3
-31.68 -40.62 -96.54
-35.11 -43.05 -92.43
-38.21 -43.64 -90.70
-40.91 -44.04 -89.62
-43.56 -44.07 -89.06
-46.27 -41.79 -90.69
-48.70 -38.67 -92.94
-50.91 -35.58 -94.87
-52.68 -32.23 -96.74
-53.79 -29.58 -97.71
-54.31 -27.67 -97.53
-54.34 -26.31 -97.15
-54.12 -25.25 -96.95
-53.60 -24.67 -96.82
-52.95 -24.29 -97.21
-52.19 -24.27 -98.22
-51.08 -24.05 -99.20
-49.70 -23.62 -99.76
-47.92 -22.85 -100.3
-45.81 -21.60 -101.1
-43.34 -20.18 -100.4
-40.51 -17.56 -98.39
-37.31 -13.79 -93.93
-33.71 -9.114 -88.42
-30.20 -4.460 -86.13
-26.79 0.5270 -86.03
-22.99 5.1338 -86.65
-18.77 9.9505 -88.47
-14.45 13.922 -92.19
-10.50 15.105 -94.94
-6.183 14.964 -97.79
-2.149 14.312 -101.4
1.4236 13.220 -106.2
4.7275 11.377 -111.7
7.7312 9.7876 -116.9
10.371 8.1592 -122.0
12.801 6.5436 -126.2
15.231 5.0180 -129.1
17.450 3.5053 -130.9
19.503 1.9883 -132.5
21.386 0.4585 -133.5
22.928 -1.118 -134.2
24.367 -3.192 -135.0
25.295 -5.013 -135.6
25.689 -7.405 -133.6
-0.237 13.909 -7.963
-0.216 13.810 -7.947
-0.154 13.532 -7.905
-0.090 13.237 -7.860
-0.019 12.918 -7.816
0.0854 12.449 -7.747
0.2066 11.906 -7.671
0.3752 11.164 -7.566
0.6104 10.139 -7.422
0.8717 8.9538 -7.269
1.3254 7.0919 -7.020
1.8908 4.6700 -6.736
2.6747 1.4478 -6.395
3.7152 -2.545 -6.011
4.8673 -7.277 -5.675
6.4636 -13.06 -5.388
8.3497 -19.80 -5.236
10.430 -27.63 -5.349
12.442 -35.94 -5.838
14.756 -45.14 -6.673
16.775 -53.96 -7.811
18.341 -62.03 -9.116
19.711 -69.36 -10.50
20.671 -75.99 -11.86
21.455 -81.93 -13.20
22.004 -86.83 -14.37
22.346 -90.93 -15.34
22.600 -93.99 -16.13
22.764 -96.61 -16.79
22.878 -98.72 -17.33
22.942 -99.97 -17.66
22.973 -100.6 -17.84
22.980 -100.8 -17.89
22.980 -100.8 -17.89
22.975 -100.7 -17.85
22.954 -100.2 -17.72
22.916 -99.46 -17.52
22.849 -98.14 -17.18
22.740 -96.13 -16.68
22.555 -93.48 -15.99
22.296 -90.00 -15.14
21.894 -86.46 -14.22
21.362 -81.74 -13.10
20.533 -74.57 -11.62
18.823 -65.35 -9.736
16.811 -54.14 -7.837
14.079 -40.62 -6.224
10.276 -26.32 -5.365
6.8722 -15.43 -5.286
4.6321 -6.626 -5.672
3.0358 0.1125 -6.250
1.6675 5.1801 -6.836
0.9881 8.4687 -7.198
0.2992 11.429 -7.608
-0.285 14.054 -7.992
-0.470 14.958 -8.123
-0.470 14.954 -8.123
-0.460 14.917 -8.118
-0.430 14.788 -8.097
-0.349 14.403 -8.036
-0.289 14.129 -7.994
-0.275 14.079 -7.987
-0.273 14.067 -7.987
-0.256 13.996 -7.976
-0.235 13.897 -7.960
-0.197 13.727 -7.934
-0.149 13.507 -7.903
-0.085 13.217 -7.860
-0.014 12.893 -7.813
0.0546 12.582 -7.769
0.1828 12.018 -7.687
0.3539 11.251 -7.579
0.6033 10.152 -7.424
0.9525 8.6719 -7.225
1.3492 6.9094 -7.009
1.9716 4.4087 -6.699
2.7127 1.3192 -6.374
3.6890 -2.599 -6.019
4.9053 -7.252 -5.667
6.1287 -12.60 -5.409
8.0694 -19.06 -5.260
10.475 -26.90 -5.328
12.732 -35.98 -5.790
14.499 -44.71 -6.636
16.549 -53.46 -7.747
18.333 -61.66 -9.053
19.642 -69.33 -10.48
20.747 -76.17 -11.93
21.464 -82.13 -13.23
22.015 -87.18 -14.44
22.391 -91.16 -15.43
22.612 -94.37 -16.21
22.766 -96.59 -16.79
22.863 -98.42 -17.25
22.932 -99.80 -17.61
22.963 -100.4 -17.78
22.975 -100.7 -17.85
22.978 -100.8 -17.87
22.978 -100.7 -17.87
22.968 -100.5 -17.80
22.928 -99.68 -17.58
22.854 -98.28 -17.21
22.733 -96.11 -16.66
22.559 -93.39 -15.98
22.284 -90.19 -15.16
21.916 -85.95 -14.16
21.296 -81.58 -13.05
20.497 -75.70 -11.72
19.260 -66.35 -10.00
16.376 -53.67 -7.913
13.694 -40.64 -6.200
10.936 -27.58 -5.254
7.3354 -15.27 -5.281
4.4824 -6.381 -5.754
2.9669 -0.285 -6.237
1.9953 4.3133 -6.689
0.9525 8.4728 -7.217
0.3040 11.475 -7.603
-0.225 13.781 -7.952
-0.579 15.402 -8.202
-0.665 15.854 -8.262
-0.560 15.377 -8.186
-0.384 14.573 -8.063
-0.237 13.909 -7.963
-70.01 -36.18 164.26
-68.92 -30.62 160.12
-65.81 -21.48 154.05
-62.95 -18.36 152.75
-60.30 -16.59 152.18
-58.05 -15.30 151.48
-55.92 -16.33 152.17
-53.52 -20.26 154.63
-50.92 -23.57 156.42
-47.98 -26.97 158.05
-45.21 -29.97 158.86
-42.66 -32.77 159.20
-40.52 -35.04 158.60
-39.07 -35.98 156.31
-38.22 -36.20 152.90
-37.54 -35.71 148.20
-36.90 -34.34 142.04
-36.43 -32.17 134.83
-35.77 -30.39 128.25
-34.83 -28.54 121.02
-34.42 -27.80 118.08
-33.97 -28.71 119.45
-32.95 -30.73 122.33
-32.18 -32.20 124.20
-31.49 -33.45 125.59
-30.93 -34.45 126.34
-30.43 -35.33 126.46
-30.11 -35.89 126.03
-30.06 -35.92 125.57
-29.91 -35.58 125.06
-29.77 -34.81 124.40
-29.70 -33.72 123.61
-29.64 -32.24 122.68
-29.57 -30.64 121.66
-29.46 -28.87 120.57
-29.40 -26.89 119.40
-29.35 -24.77 118.10
-29.37 -22.48 116.78
-29.49 -20.15 115.74
-29.61 -17.70 114.73
-30.22 -15.40 113.71
-32.62 -13.80 113.96
-37.19 -13.25 116.12
-41.42 -12.99 118.12
-45.96 -13.05 120.39
-50.07 -14.34 123.43
-53.49 -16.24 126.82
-56.76 -18.42 130.41
-60.44 -21.73 135.11
-64.28 -28.57 143.17
-67.23 -36.62 152.50
-69.40 -45.22 162.31
-70.53 -52.31 170.71
-70.92 -53.49 173.56
-71.70 -51.60 173.03
-72.37 -49.20 171.62
-72.76 -47.35 170.56
-72.95 -45.93 169.57
-72.94 -45.62 169.43
-72.92 -45.55 169.40
-72.84 -45.33 169.29
-72.60 -44.59 169.08
-71.99 -42.29 167.90
-71.06 -38.59 165.51
-69.73 -33.81 162.36
-67.93 -28.39 158.76
-65.66 -21.94 154.45
-62.94 -16.41 151.13
-60.41 -14.72 150.87
-58.08 -15.12 151.55
-55.80 -17.04 152.87
-53.42 -19.87 154.58
-50.91 -23.55 156.40
-48.24 -26.84 157.75
-45.30 -30.13 158.98
-42.73 -32.70 159.04
-40.61 -34.90 158.32
-39.12 -36.27 156.40
-38.32 -36.05 152.81
-37.67 -35.59 148.43
-36.86 -34.90 143.17
-36.25 -32.91 135.93
-35.84 -30.17 128.05
-35.04 -29.20 123.34
-34.26 -28.87 120.62
-33.69 -29.34 120.25
-33.01 -30.58 122.02
-32.12 -32.22 124.75
-31.42 -33.47 125.69
-30.91 -34.58 126.15
-30.52 -35.35 126.28
-30.22 -35.81 126.08
-30.01 -35.89 125.57
-29.80 -35.64 125.06
-29.75 -34.78 124.39
-29.72 -33.55 123.56
-29.63 -32.23 122.66
-29.53 -30.62 121.63
-29.45 -28.88 120.56
-29.35 -26.97 119.43
-29.33 -24.86 118.24
-29.20 -22.50 116.94
-29.29 -20.05 115.66
-30.13 -17.93 114.65
-31.44 -15.87 114.25
-33.57 -14.27 114.89
-37.12 -13.31 116.33
-41.97 -13.14 118.46
-46.11 -13.31 120.63
-49.92 -14.03 123.14
-53.56 -15.67 126.34
-57.09 -18.16 130.24
-60.45 -22.03 135.41
-63.73 -27.64 142.25
-66.85 -36.56 152.38
-69.08 -44.57 161.76
-70.62 -49.90 168.48
-71.32 -52.36 172.31
-71.53 -52.06 173.49
-72.44 -48.61 171.34
-72.98 -46.14 169.57
-72.98 -45.74 169.50
-72.93 -45.51 169.38
-70.01 -36.18 164.26
