202 frames
21 bones
1.1570 -1.309 37.361
1.1570 -1.309 37.361
1.4148 -1.625 37.373
1.7898 -2.125 37.377
1.9188 -2.414 37.388
1.9422 -2.543 37.330
1.7820 -2.543 37.158
1.3992 -2.457 36.861
0.9461 -2.297 36.427
0.4461 -2.090 35.927
-0.038 -1.867 35.431
-0.436 -1.668 35.006
-0.729 -1.520 34.697
-0.835 -1.465 34.584
-0.835 -1.527 35.045
-0.823 -1.711 35.529
-0.807 -1.945 35.482
-0.792 -2.188 35.314
-0.776 -2.418 35.037
-0.764 -2.586 34.869
-0.757 -2.684 34.904
-0.749 -2.746 35.017
-0.749 -2.777 35.424
-0.745 -2.781 35.740
-0.733 -2.797 35.713
-0.725 -2.836 35.564
-0.714 -2.926 35.189
-0.710 -3.016 34.939
-0.702 -3.156 34.978
-0.682 -3.387 35.099
-0.671 -3.613 35.388
-0.655 -3.848 35.619
-0.639 -4.086 35.556
-0.624 -4.305 35.353
-0.608 -4.508 35.025
-0.596 -4.668 34.830
-0.589 -4.785 34.939
-0.577 -4.867 35.162
-0.569 -4.934 35.490
-0.561 -4.953 35.693
-0.561 -4.957 35.599
-0.557 -4.969 35.357
-0.553 -4.981 35.115
-0.553 -4.984 35.021
-0.550 -5.008 35.088
-0.542 -5.082 35.259
-0.534 -5.172 35.435
-0.534 -5.242 35.509
-0.534 -5.293 35.455
-0.526 -5.332 35.302
-0.522 -5.340 35.045
-0.522 -5.293 34.869
-0.530 -5.215 34.877
-0.534 -5.109 35.017
-0.546 -4.953 35.447
-0.553 -4.797 35.740
-0.553 -4.637 35.693
-0.565 -4.477 35.564
-0.573 -4.352 35.205
-0.573 -4.305 34.939
-0.569 -4.320 34.970
-0.553 -4.375 35.099
-0.538 -4.457 35.392
-0.510 -4.570 35.603
-0.483 -4.695 35.525
-0.448 -4.813 35.306
-0.405 -4.914 34.959
-0.366 -4.981 34.740
-0.323 -5.024 34.759
-0.284 -5.067 34.830
-0.249 -5.078 35.017
-0.225 -5.067 35.240
-0.202 -5.047 35.396
-0.190 -5.035 35.463
-0.190 -5.035 35.463
-0.151 -5.024 35.084
-0.124 -5.035 34.834
-0.092 -5.051 34.744
-0.034 -5.098 34.873
0 -5.145 34.998
0 -5.145 34.998
0.1374 -5.293 35.248
0.2156 -5.379 35.209
0.2664 -5.426 35.064
0.3171 -5.488 34.810
0.3445 -5.527 34.650
0.3562 -5.535 34.670
0.3484 -5.535 34.799
0.3328 -5.520 35.213
0.3210 -5.504 35.517
0.3210 -5.504 35.517
0.2781 -5.453 35.353
0.2507 -5.430 34.986
0.2390 -5.426 34.752
0.2390 -5.422 34.787
0.2312 -5.434 34.927
0.2468 -5.469 35.252
0.2937 -5.535 35.478
0.3679 -5.629 35.369
0.4109 -5.684 35.252
0.4109 -5.684 35.252
0.5242 -5.906 34.752
0.5789 -6.024 34.791
0.6023 -6.117 34.904
0.5984 -6.188 35.131
0.5828 -6.227 35.384
0.5398 -6.250 35.595
0.5046 -6.250 35.689
0.5046 -6.250 35.689
0.4109 -6.207 35.400
0.3601 -6.168 35.213
0.3210 -6.137 35.142
0.2703 -6.094 35.263
0.2429 -6.043 35.486
0.2468 -6.000 35.693
0.3054 -5.977 35.806
0.4539 -5.918 35.666
0.5593 -5.863 35.525
0.5593 -5.863 35.525
0.9070 -5.641 34.978
1.1140 -5.484 35.037
1.2664 -5.379 35.220
1.4265 -5.234 35.459
1.5672 -5.149 35.697
1.6922 -5.176 35.849
1.8172 -5.262 35.912
1.9578 -5.391 35.857
2.1180 -5.500 35.670
2.3055 -5.531 35.388
2.4930 -5.527 35.084
2.6727 -5.516 34.799
2.8328 -5.504 34.662
2.9618 -5.539 34.728
3.0555 -5.613 34.904
3.1297 -5.699 35.162
3.1454 -5.817 35.420
3.1258 -5.973 35.584
3.1102 -6.125 35.654
3.0907 -6.254 35.591
3.0789 -6.332 35.431
3.0907 -6.340 35.291
3.1063 -6.289 35.111
3.1375 -6.184 34.873
3.1610 -6.043 34.638
3.1649 -5.867 34.435
3.1219 -5.738 34.338
3.0399 -5.656 34.552
2.9188 -5.555 34.959
2.7782 -5.461 35.353
2.6297 -5.399 35.564
2.4891 -5.317 35.529
2.3563 -5.156 35.451
2.2586 -4.969 35.369
2.1531 -4.777 35.236
2.0164 -4.621 35.009
1.8445 -4.488 34.756
1.6375 -4.383 34.490
1.4148 -4.277 34.334
1.2117 -4.137 34.361
1.0164 -3.992 34.486
0.8328 -3.840 34.658
0.6648 -3.695 34.869
0.5164 -3.555 35.084
0.3757 -3.422 35.267
0.2195 -3.313 35.396
0.0515 -3.203 35.427
-0.124 -3.090 35.267
-0.300 -2.981 35.006
-0.467 -2.863 34.752
-0.600 -2.746 34.603
-0.706 -2.602 34.740
-0.749 -2.496 35.025
-0.760 -2.473 35.299
-0.768 -2.477 35.447
-0.768 -2.492 35.361
-0.768 -2.496 35.181
-0.772 -2.484 34.963
-0.780 -2.441 34.830
-0.784 -2.363 34.896
-0.788 -2.262 35.037
-0.796 -2.141 35.209
-0.800 -2.020 35.302
-0.807 -1.906 35.275
-0.815 -1.793 35.224
-0.819 -1.707 35.107
-0.823 -1.648 34.939
-0.827 -1.598 34.756
-0.827 -1.555 34.631
-0.831 -1.492 34.591
-0.835 -1.465 34.584
-0.811 -1.457 34.713
-0.741 -1.449 35.009
-0.651 -1.457 35.345
-0.542 -1.457 35.720
-0.432 -1.441 36.068
-0.307 -1.398 36.408
-0.167 -1.336 36.748
-0.030 -1.258 37.049
0.1414 -1.156 37.306
0.2351 -1.016 37.455
0.2273 -0.809 37.486
1.1570 -1.309 37.361
-1.443 -12.37 89.896
-1.443 -12.37 89.896
-1.724 -11.77 90.382
-2.130 -10.70 91.282
-2.396 -9.968 91.980
-2.428 -9.200 92.782
-2.127 -8.355 93.764
-1.469 -7.357 94.921
-0.460 -6.151 96.246
0.7254 -4.845 97.605
1.9286 -3.518 98.865
2.9723 -2.410 99.891
3.7811 -1.670 100.57
3.9986 -1.286 100.93
2.9462 -1.428 101.06
0.5573 -2.081 101.05
-2.617 -2.882 101.13
-5.832 -3.584 101.24
-8.284 -4.121 101.35
-9.273 -4.401 101.41
-8.676 -4.215 101.38
-6.974 -3.853 101.33
-4.710 -3.458 101.28
-1.846 -2.854 101.21
0.9719 -2.119 101.17
3.1375 -1.456 101.18
4.8074 -1.022 101.21
5.4337 -0.918 101.22
4.9205 -1.001 101.22
3.5550 -1.357 101.22
1.7808 -1.900 101.22
-0.526 -2.498 101.24
-2.872 -2.991 101.30
-4.724 -3.321 101.36
-6.119 -3.628 101.41
-6.612 -3.792 101.43
-6.214 -3.677 101.42
-5.075 -3.463 101.38
-3.559 -3.211 101.33
-1.643 -2.821 101.29
0.2471 -2.361 101.26
1.7083 -1.971 101.26
2.8302 -1.735 101.24
3.2477 -1.692 101.23
2.5693 -1.878 101.22
0.9806 -2.328 101.20
-0.866 -2.832 101.21
-3.017 -3.386 101.23
-5.319 -3.995 101.29
-7.316 -4.544 101.35
-8.751 -4.988 101.40
-9.267 -5.185 101.42
-8.667 -5.087 101.39
-6.974 -4.873 101.32
-4.652 -4.456 101.24
-1.921 -4.017 101.18
0.8356 -3.661 101.15
3.1346 -3.321 101.16
4.7987 -3.304 101.19
5.4365 -3.436 101.20
4.9234 -3.853 101.19
3.5550 -4.884 101.21
1.6734 -6.057 101.29
-0.584 -7.423 101.53
-2.762 -9.003 101.98
-4.701 -10.65 102.30
-6.055 -12.39 102.68
-6.542 -14.33 103.29
-6.330 -16.15 103.79
-5.487 -17.84 104.27
-4.391 -19.36 104.75
-3.049 -20.66 105.21
-1.225 -22.11 105.76
-0.173 -22.81 106.03
-0.173 -22.81 106.03
2.2156 -24.80 106.64
2.6012 -26.09 106.75
3.2129 -26.82 106.88
2.5432 -28.32 106.83
2.0446 -29.22 106.82
2.0446 -29.22 106.82
-0.529 -31.84 106.72
-1.927 -33.78 106.70
-3.107 -34.09 106.61
-3.979 -34.98 106.50
-4.289 -35.37 106.43
-4.020 -35.47 106.33
-3.263 -35.65 106.15
-1.793 -35.60 105.94
-0.819 -35.46 105.82
-0.819 -35.46 105.82
2.1402 -35.08 105.46
3.1230 -34.96 105.33
4.6074 -34.78 105.09
5.3872 -34.74 104.83
5.6540 -34.77 104.68
5.1901 -34.94 104.52
3.9261 -35.37 104.21
1.6300 -36.02 103.90
0.1080 -36.38 103.75
0.1080 -36.38 103.75
-3.730 -37.29 103.30
-4.742 -37.81 103.06
-5.487 -37.64 102.77
-5.264 -37.47 102.54
-4.568 -36.99 102.10
-3.197 -36.03 101.59
-2.312 -35.38 101.31
-2.312 -35.38 101.31
0.3775 -33.20 100.12
1.3082 -32.37 99.580
2.6853 -30.80 98.718
3.3434 -29.55 98.085
3.7202 -28.36 97.829
3.5057 -27.11 97.719
2.4244 -25.72 97.523
0.4645 -23.76 97.479
-0.750 -22.58 97.441
-0.750 -22.58 97.441
-4.490 -18.91 97.594
-5.742 -17.52 97.730
-7.560 -14.71 97.976
-8.429 -12.55 98.194
-8.705 -9.831 98.598
-7.821 -6.502 99.296
-6.357 -2.443 100.24
-3.927 2.1691 101.31
-1.602 6.2606 102.40
0.3630 10.313 103.29
2.9230 13.445 104.10
4.7466 16.374 104.66
4.9495 19.237 105.70
4.1377 21.233 106.81
3.2883 23.136 107.07
1.8155 24.409 107.46
-0.286 24.930 107.94
-2.225 25.100 108.10
-3.875 25.018 108.10
-5.124 25.166 107.92
-5.591 25.297 107.77
-4.745 25.813 107.49
-2.657 26.954 106.92
0.1746 28.138 106.40
3.0245 29.126 105.85
5.1698 29.844 105.13
6.0425 30.146 104.71
5.1263 29.959 104.27
2.9926 29.482 103.47
0.2065 28.978 102.86
-2.611 28.402 102.27
-4.777 28.023 101.55
-5.684 27.930 101.16
-5.142 28.155 100.79
-3.736 28.308 100.15
-1.724 28.182 99.727
0.0238 27.277 99.296
1.0705 25.621 98.958
2.0678 23.701 98.860
2.0040 21.167 98.865
0.7341 17.926 98.952
-0.541 14.394 99.051
-1.732 11.015 99.225
-2.701 8.1747 99.394
-3.072 5.6683 99.552
-2.733 3.8474 99.705
-1.976 2.4927 99.853
-0.842 1.2422 100.01
0.4645 0.2933 100.18
1.7865 -0.469 100.36
2.8969 -0.940 100.56
3.7086 -1.203 100.80
3.9986 -1.286 100.93
2.3750 -1.741 101.05
-0.587 -2.339 101.25
-2.863 -2.854 101.33
-4.730 -3.321 101.36
-6.116 -3.650 101.41
-6.612 -3.792 101.43
-6.217 -3.699 101.42
-5.093 -3.469 101.38
-3.524 -3.118 101.34
-1.677 -2.706 101.30
0.1572 -2.317 101.27
1.7054 -1.971 101.26
2.6794 -1.785 101.25
3.2506 -1.719 101.24
3.6332 -1.703 101.21
3.8130 -1.670 101.20
3.9754 -1.467 101.12
3.9986 -1.286 100.93
3.5985 -1.412 100.72
2.6331 -1.895 100.44
1.3400 -2.553 100.03
-0.077 -3.337 99.803
-1.225 -4.110 99.514
-2.057 -5.169 98.800
-2.449 -6.672 97.943
-2.521 -8.366 96.863
-2.591 -10.02 95.646
-2.602 -11.41 94.386
-2.672 -12.43 92.940
-1.443 -12.37 89.896
-3.896 -99.96 -65.77
-3.896 -99.96 -65.77
-5.308 -100.2 -65.03
-7.712 -100.8 -63.68
-8.818 -101.2 -62.44
-10.77 -101.9 -61.69
-14.68 -103.0 -61.71
-20.67 -104.1 -62.14
-28.67 -105.0 -63.20
-37.53 -105.7 -64.16
-46.10 -106.3 -64.68
-53.27 -106.7 -65.31
-58.66 -107.5 -65.33
-60.67 -108.0 -65.06
-56.39 -105.5 -67.96
-48.37 -102.1 -72.20
-39.83 -100.9 -74.19
-34.49 -101.8 -75.14
-33.71 -103.5 -75.43
-33.46 -104.3 -75.32
-34.12 -103.8 -75.33
-36.13 -102.8 -75.14
-38.63 -101.6 -75.03
-42.57 -100.8 -74.30
-48.79 -101.3 -72.22
-55.18 -103.2 -69.03
-60.64 -106.5 -64.49
-63.11 -108.6 -61.74
-60.97 -106.0 -63.93
-56.83 -102.7 -67.20
-53.18 -101.7 -69.76
-49.76 -101.7 -72.01
-47.30 -102.6 -73.67
-45.03 -103.3 -74.50
-42.23 -102.9 -74.86
-39.21 -101.8 -75.16
-35.72 -99.56 -75.53
-33.49 -96.92 -75.75
-33.08 -94.89 -75.91
-33.30 -93.14 -75.89
-34.80 -92.02 -75.66
-38.34 -92.25 -75.39
-43.52 -94.86 -74.37
-48.24 -98.92 -72.43
-50.14 -102.8 -70.94
-50.26 -104.7 -71.19
-49.34 -103.9 -72.80
-46.32 -102.1 -74.62
-40.09 -99.56 -76.08
-35.89 -98.08 -76.95
-35.60 -98.96 -77.26
-35.38 -99.85 -77.14
-35.81 -99.39 -77.19
-36.87 -98.22 -77.26
-37.75 -96.46 -77.51
-39.71 -94.94 -77.49
-43.90 -94.40 -76.92
-49.39 -95.09 -75.95
-55.03 -97.34 -74.24
-60.56 -100.9 -72.12
-66.39 -106.5 -69.11
-69.24 -110.7 -67.51
-67.00 -108.8 -71.01
-61.97 -105.4 -75.27
-55.94 -103.9 -77.44
-49.79 -103.3 -77.66
-45.37 -103.1 -77.03
-42.32 -102.7 -76.73
-39.92 -101.5 -76.41
-39.14 -100.6 -75.69
-39.64 -99.70 -75.30
-40.92 -99.00 -74.80
-43.48 -99.03 -73.51
-45.15 -99.26 -72.66
-45.15 -99.26 -72.66
-55.23 -107.7 -66.35
-59.51 -114.2 -61.10
-60.17 -116.3 -59.34
-58.55 -114.3 -61.38
-56.91 -112.4 -63.25
-56.91 -112.4 -63.25
-50.62 -106.3 -69.34
-45.30 -101.6 -72.98
-42.59 -99.53 -74.60
-42.04 -99.67 -75.19
-41.91 -99.97 -75.32
-42.15 -99.73 -75.49
-43.41 -99.44 -75.75
-46.66 -99.55 -75.24
-48.89 -99.67 -74.67
-48.89 -99.67 -74.67
-55.15 -97.58 -73.73
-60.31 -97.80 -71.93
-64.55 -99.00 -69.80
-68.56 -101.0 -67.03
-70.34 -102.7 -65.08
-68.60 -102.1 -67.06
-64.28 -100.9 -70.84
-57.05 -101.0 -73.67
-52.39 -101.2 -75.25
-52.39 -101.2 -75.25
-43.73 -101.6 -76.89
-39.92 -101.5 -76.99
-38.97 -101.4 -77.05
-38.59 -101.0 -77.14
-38.60 -100.6 -76.86
-39.60 -100.8 -75.53
-40.56 -101.0 -74.53
-40.56 -101.0 -74.53
-48.54 -106.6 -69.95
-50.84 -109.5 -66.78
-50.96 -110.9 -64.92
-49.50 -110.6 -64.08
-46.88 -109.6 -63.93
-44.59 -109.3 -63.70
-42.10 -109.2 -63.49
-38.66 -109.2 -62.96
-36.71 -109.2 -62.64
-36.71 -109.2 -62.64
-33.69 -111.4 -61.17
-31.75 -112.3 -60.43
-30.92 -112.9 -59.97
-31.69 -114.3 -60.14
-34.78 -116.5 -60.98
-40.09 -118.6 -62.63
-46.03 -119.9 -63.50
-50.97 -120.5 -62.70
-53.67 -118.9 -62.56
-54.08 -115.9 -62.18
-53.16 -112.1 -62.23
-51.00 -107.2 -63.82
-47.76 -102.7 -65.88
-43.83 -99.33 -67.68
-40.22 -97.50 -69.02
-37.87 -97.02 -70.39
-37.01 -97.57 -71.87
-37.35 -99.06 -73.00
-39.45 -101.2 -73.91
-43.55 -103.9 -74.87
-48.30 -106.5 -74.76
-52.48 -107.9 -74.03
-55.48 -107.6 -73.52
-56.94 -106.0 -72.87
-57.44 -103.8 -72.33
-57.09 -101.5 -71.70
-54.10 -98.95 -71.88
-47.37 -96.03 -72.81
-40.57 -93.97 -73.56
-36.95 -95.37 -73.53
-35.48 -99.03 -72.77
-35.24 -102.2 -71.70
-36.13 -104.9 -70.42
-38.03 -106.6 -69.10
-40.45 -107.9 -67.41
-42.66 -109.0 -65.38
-44.66 -109.7 -63.80
-46.75 -110.1 -63.23
-47.94 -109.6 -63.67
-47.48 -107.7 -65.34
-45.90 -105.2 -67.85
-43.89 -102.8 -70.24
-41.53 -100.4 -72.71
-38.65 -98.24 -75.39
-37.16 -96.68 -77.62
-37.42 -95.73 -78.98
-38.03 -95.06 -79.63
-40.92 -95.11 -79.37
-45.57 -96.10 -77.87
-49.82 -97.91 -75.31
-53.31 -100.0 -72.32
-55.26 -101.3 -70.20
-55.67 -102.1 -69.07
-52.67 -101.8 -70.13
-49.35 -101.6 -72.13
-48.91 -103.1 -73.12
-48.47 -104.4 -73.63
-46.63 -104.3 -73.97
-43.65 -103.2 -74.35
-40.17 -101.2 -74.82
-38.36 -99.10 -75.01
-38.67 -97.64 -75.03
-39.02 -96.22 -74.87
-40.51 -95.36 -74.64
-43.67 -95.68 -74.06
-47.50 -97.07 -72.85
-51.91 -99.34 -71.11
-57.16 -102.9 -68.30
-60.30 -106.1 -65.65
-60.69 -107.3 -64.86
-60.67 -108.0 -65.06
-57.51 -106.5 -67.17
-51.15 -104.1 -69.70
-44.91 -103.3 -71.18
-38.41 -103.1 -72.06
-32.65 -103.7 -72.26
-27.14 -104.0 -72.06
-21.31 -103.4 -72.03
-16.12 -102.4 -72.07
-12.26 -101.5 -72.16
-9.223 -100.8 -71.98
-5.628 -100.5 -71.05
-3.896 -99.96 -65.77
-2.841 30.823 2.6202
-2.841 30.823 2.6202
-3.029 32.406 2.7060
-3.352 35.137 2.8441
-3.477 36.256 2.9093
-3.773 38.658 2.9903
-4.441 44.119 3.1592
-5.383 51.760 3.2444
-6.510 60.959 3.1503
-7.575 70.177 2.8392
-8.386 77.762 2.4080
-8.945 83.366 2.0338
-9.284 87.135 1.7405
-9.374 88.254 1.6307
-8.888 82.947 2.0001
-7.870 72.849 2.7095
-6.656 62.109 3.1421
-5.843 55.495 3.2361
-5.744 54.692 3.2403
-5.730 54.577 3.2409
-5.870 55.727 3.2341
-6.178 58.263 3.2025
-6.437 60.432 3.1798
-6.873 64.071 3.0700
-7.623 70.549 2.8172
-8.403 77.842 2.4210
-9.118 85.352 1.8566
-9.451 89.186 1.5497
-9.287 87.193 1.7282
-8.899 82.854 2.0695
-8.412 77.941 2.4012
-7.907 73.162 2.6950
-7.549 69.938 2.8715
-7.283 67.629 2.9786
-7.023 65.388 3.0459
-6.667 62.335 3.1194
-6.071 57.333 3.2093
-5.598 53.489 3.2458
-5.464 52.408 3.2458
-5.445 52.253 3.2458
-5.728 54.562 3.2629
-6.543 61.285 3.1476
-7.752 71.860 2.7328
-8.869 82.519 2.0962
-9.331 87.637 1.7042
-9.411 88.722 1.5888
-8.804 82.036 2.1175
-8.138 75.341 2.5721
-6.858 63.804 3.0569
-6.019 56.939 3.2224
-6.019 56.939 3.2224
-6.019 56.942 3.2217
-6.108 57.674 3.2107
-6.235 58.734 3.1949
-6.262 58.957 3.1915
-6.293 59.199 3.1894
-6.704 62.605 3.1119
-7.395 68.581 2.9113
-7.980 73.831 2.6635
-8.530 79.079 2.3393
-9.107 85.200 1.8758
-9.387 88.418 1.6163
-9.197 86.158 1.8099
-8.744 81.224 2.1903
-8.185 75.756 2.5392
-7.570 70.149 2.8413
-7.068 65.748 3.0240
-6.627 62.004 3.1269
-6.124 57.804 3.2114
-5.835 55.439 3.2368
-5.790 55.073 3.2368
-5.784 55.020 3.2375
-6.054 57.212 3.2121
-6.319 59.403 3.1853
-6.319 59.403 3.1853
-8.392 77.737 2.4259
-8.934 83.359 2.0228
-9.433 88.969 1.5696
-9.075 84.850 1.8964
-8.697 80.731 2.2261
-8.697 80.731 2.2261
-7.329 67.998 2.9347
-6.324 59.453 3.2059
-5.934 56.248 3.2272
-5.920 56.127 3.2293
-5.918 56.108 3.2293
-5.973 56.576 3.2265
-6.168 58.170 3.2032
-6.576 61.548 3.1324
-6.841 63.808 3.0809
-6.841 63.808 3.0809
-7.362 68.293 2.9216
-7.936 73.429 2.6813
-8.456 78.357 2.3867
-8.947 83.403 2.0193
-9.173 85.876 1.8319
-8.976 83.710 1.9988
-8.516 78.943 2.3462
-7.806 72.232 2.7280
-7.342 68.125 2.9278
-7.342 68.125 2.9278
-6.512 61.021 3.1524
-6.006 56.840 3.2313
-5.848 55.532 3.2348
-5.847 55.526 3.2348
-5.847 55.523 3.2348
-6.123 57.782 3.2052
-6.394 60.042 3.1736
-6.394 60.042 3.1736
-8.448 78.298 2.3908
-9.289 87.262 1.7255
-9.455 89.258 1.5428
-9.207 86.316 1.7948
-8.945 83.356 2.0345
-8.537 79.187 2.3187
-8.009 74.129 2.6401
-7.169 66.566 2.9793
-6.642 62.118 3.1235
-6.642 62.118 3.1235
-6.091 57.543 3.2128
-5.668 54.072 3.2458
-5.495 52.659 3.2485
-5.656 54.019 3.2698
-6.237 58.746 3.1942
-7.220 66.966 2.9608
-8.180 75.707 2.5529
-8.848 82.408 2.0839
-9.113 85.228 1.8868
-9.030 84.286 1.9665
-8.702 80.818 2.2199
-8.120 75.183 2.5872
-7.332 68.014 2.9340
-6.416 60.153 3.1496
-5.552 53.130 3.2451
-4.911 47.957 3.2334
-4.675 46.004 3.1881
-4.725 46.401 3.2046
-5.068 49.190 3.2313
-5.893 55.873 3.2217
-6.952 64.747 3.0514
-7.906 73.187 2.6916
-8.672 80.508 2.2404
-9.039 84.453 1.9411
-9.383 88.378 1.6190
-9.078 84.953 1.8854
-8.271 76.581 2.4979
-7.001 65.066 2.9978
-5.738 54.639 3.2409
-5.422 52.060 3.2451
-5.108 49.506 3.2348
-5.239 50.604 3.2513
-5.655 53.973 3.2430
-6.257 58.876 3.1922
-6.988 65.054 3.0425
-7.768 71.894 2.7624
-8.442 78.214 2.3970
-8.953 83.490 2.0152
-9.157 85.730 1.8442
-8.800 81.918 2.1059
-8.072 74.693 2.6078
-7.368 68.320 2.9361
-6.678 62.438 3.1180
-6.040 57.122 3.2258
-5.748 54.726 3.2403
-5.757 54.794 3.2403
-5.816 55.259 3.2382
-6.379 59.846 3.1702
-7.336 68.066 2.9292
-8.210 76.029 2.5144
-8.893 82.786 2.0777
-9.226 86.453 1.7975
-9.294 87.299 1.7117
-8.807 82.033 2.0818
-7.998 73.999 2.6483
-7.629 70.623 2.8461
-7.371 68.364 2.9182
-7.061 65.683 3.0240
-6.713 62.710 3.1084
-6.143 57.934 3.1970
-5.795 55.101 3.2361
-5.798 55.129 3.2361
-5.823 55.330 3.2375
-6.073 57.392 3.2313
-6.675 62.391 3.1167
-7.448 68.975 2.8983
-8.274 76.606 2.4959
-9.148 85.777 1.8030
-9.577 90.792 1.4041
-9.550 90.398 1.4480
-9.374 88.254 1.6300
-9.021 84.246 1.9534
-8.505 78.837 2.3565
-7.877 72.892 2.7143
-7.185 66.755 2.9814
-6.557 61.433 3.1558
-5.909 56.025 3.2293
-5.125 49.612 3.2279
-4.347 43.338 3.1331
-3.691 37.979 2.9704
-3.161 33.544 2.7678
-2.651 29.177 2.5282
-2.841 30.823 2.6202
-13.04 -76.34 -2.689
-13.04 -76.34 -2.689
-12.93 -75.96 -3.202
-12.84 -75.16 -3.983
-12.97 -74.36 -4.349
-13.10 -73.46 -4.526
-12.74 -72.81 -4.507
-11.61 -71.52 -3.879
-9.826 -69.12 -2.547
-7.993 -65.62 -0.404
-6.656 -60.91 2.4756
-6.097 -56.06 5.2936
-6.338 -51.37 7.4620
-6.588 -49.09 8.3488
-5.741 -50.99 7.8815
-3.792 -56.18 6.4247
-1.248 -63.81 4.0474
1.2255 -71.43 1.5852
2.5767 -76.81 -0.181
2.9080 -78.90 -0.875
2.6882 -77.06 -0.106
1.6005 -71.65 1.8915
-0.487 -63.09 4.7537
-2.630 -54.36 7.4938
-4.374 -48.45 9.0533
-5.179 -46.28 9.5029
-4.945 -46.67 9.4233
-4.001 -49.07 8.8214
-1.748 -55.45 7.0867
-0.162 -59.81 5.8760
-0.376 -58.25 6.3734
-0.815 -55.55 7.2938
-1.394 -53.30 8.2426
-1.743 -52.17 8.7683
-0.230 -58.05 7.0442
2.3439 -67.36 4.0457
4.0523 -73.41 1.4064
4.7763 -75.99 0.0434
4.6179 -73.89 0.3674
4.0183 -70.09 1.1887
3.2393 -67.44 2.1322
1.3516 -64.36 3.4580
-2.409 -59.94 5.4511
-6.503 -55.28 7.1876
-9.966 -50.50 7.7540
-11.54 -48.10 7.6992
-8.394 -49.56 7.7293
-5.227 -51.04 7.6708
0.3996 -60.35 4.0563
4.3884 -71.10 -0.745
5.0446 -75.70 -2.208
5.1545 -76.60 -2.381
5.0269 -75.70 -1.859
4.2543 -71.37 0
2.5007 -62.24 3.3837
0.2267 -53.19 6.4460
-2.270 -46.43 8.7665
-5.009 -40.61 10.579
-8.153 -34.20 12.131
-11.02 -28.86 13.232
-13.42 -25.09 14.023
-14.46 -23.79 14.268
-13.07 -26.24 13.990
-10.27 -32.33 12.489
-7.264 -39.80 9.7135
-4.610 -48.52 5.9999
-3.304 -57.89 1.7781
-2.983 -65.97 -2.254
-3.663 -71.32 -5.643
-4.993 -73.13 -7.414
-6.200 -70.90 -8.153
-6.874 -66.41 -8.895
-6.625 -61.02 -7.136
-6.312 -57.88 -5.033
-6.312 -57.88 -5.033
-9.489 -46.62 4.0297
-12.41 -42.21 8.7223
-13.81 -41.53 9.8498
-12.81 -41.80 9.4073
-11.82 -42.07 8.9630
-11.82 -42.07 8.9630
-6.706 -49.05 7.0743
-1.838 -58.95 3.9111
1.0542 -67.50 1.0294
1.7718 -71.91 -0.482
1.8914 -72.87 -0.830
1.7459 -71.85 -0.331
0.8764 -67.80 1.0648
-1.407 -58.37 3.6190
-2.874 -51.93 5.2776
-2.874 -51.93 5.2776
-4.093 -41.12 7.4195
-3.970 -37.51 8.2886
-3.944 -36.35 8.6356
-3.943 -34.35 9.3525
-4.046 -33.46 9.7277
-4.355 -34.65 9.7578
-4.667 -37.56 9.5790
-4.752 -42.27 8.8391
-4.722 -45.25 8.3134
-4.722 -45.25 8.3134
-0.528 -63.86 4.0156
1.0623 -71.56 1.5108
1.3031 -72.65 0.7551
1.0962 -71.03 1.0949
0.3059 -67.49 1.7693
-1.470 -62.53 2.5783
-2.642 -59.48 3.0508
-2.642 -59.48 3.0508
-9.135 -48.07 5.7467
-12.45 -43.33 5.5308
-13.32 -42.63 5.5290
-13.09 -43.13 5.6600
-12.31 -44.56 5.8954
-11.25 -46.35 6.1964
-9.552 -48.98 6.6070
-6.249 -53.66 6.4371
-4.120 -56.55 5.9963
-4.120 -56.55 5.9963
0.9185 -67.15 4.6493
4.1105 -71.88 4.3873
5.1513 -72.74 4.3855
4.7165 -71.20 6.3981
1.9205 -66.06 7.8390
-4.584 -57.63 6.5079
-11.23 -47.38 4.8192
-14.52 -35.79 0.3161
-15.25 -29.62 -5.015
-14.45 -30.05 -7.686
-13.30 -32.67 -9.529
-12.98 -39.35 -10.67
-12.72 -48.46 -10.87
-12.23 -57.02 -10.54
-11.26 -64.20 -9.700
-9.485 -68.95 -8.555
-7.689 -70.46 -7.194
-6.304 -69.69 -5.953
-5.756 -67.31 -4.344
-5.924 -63.42 -2.070
-6.457 -59.26 0.1674
-7.500 -55.89 1.8366
-8.581 -54.40 2.7871
-9.260 -54.59 3.0491
-9.489 -54.79 3.2810
-9.273 -51.50 3.7199
-8.027 -48.24 3.8704
-4.390 -54.89 1.7498
-1.606 -64.49 -1.429
-1.551 -68.48 -2.907
-1.711 -69.41 -3.328
-2.467 -69.17 -3.319
-3.955 -67.40 -3.268
-5.798 -62.78 -2.930
-7.676 -56.67 -1.900
-9.179 -51.28 -0.413
-10.37 -46.79 1.7958
-11.49 -43.44 4.9892
-11.99 -42.21 8.0726
-9.520 -44.90 10.280
-4.654 -50.30 11.547
0.0748 -55.53 11.074
4.3496 -60.85 9.2215
7.3913 -66.82 6.5929
8.5146 -69.92 4.9307
8.0799 -69.01 5.1697
6.5929 -66.87 5.8583
4.2042 -64.22 7.0743
1.3467 -61.43 8.0178
-1.458 -59.27 8.0851
-3.834 -57.40 7.9257
-5.512 -55.14 7.7983
-6.097 -53.98 7.7151
-3.545 -55.39 7.4690
-0.987 -56.77 7.2212
-1.024 -53.06 8.0196
-1.025 -49.35 8.8197
0.5031 -54.60 7.1133
2.9921 -63.18 4.1855
4.4321 -69.47 1.6879
4.9816 -72.40 0.4169
4.6778 -70.59 0.8294
3.7823 -66.92 1.8118
2.3941 -62.34 3.2828
0.9491 -59.54 4.3094
-0.096 -59.44 4.4546
-0.852 -59.42 4.4758
-1.135 -60.53 4.4280
-1.618 -61.65 4.3802
-4.106 -55.42 6.3628
-6.583 -49.10 8.3470
-7.267 -49.83 8.2479
-7.547 -51.76 7.9629
-7.988 -54.30 7.3575
-8.415 -57.24 7.0531
-9.009 -59.72 7.3469
-9.329 -62.58 7.6974
-8.799 -66.69 7.3026
-8.234 -70.53 6.0388
-8.164 -72.70 4.4917
-8.146 -74.03 2.9181
-8.846 -75.61 1.6401
-13.04 -76.34 -2.689
-26.43 -84.39 -92.43
-26.43 -84.39 -92.43
-27.45 -84.44 -91.55
-29.47 -84.76 -90.56
-31.67 -85.68 -91.62
-33.22 -86.29 -94.92
-33.62 -86.21 -99.89
-33.68 -86.20 -104.4
-32.56 -85.66 -106.8
-31.32 -84.74 -107.6
-32.06 -83.97 -106.8
-32.88 -83.42 -105.2
-32.47 -83.20 -104.4
-32.12 -83.15 -104.2
-32.75 -84.19 -104.1
-35.48 -86.13 -104.5
-41.89 -87.63 -105.5
-49.93 -88.48 -106.7
-57.34 -87.57 -108.8
-61.03 -86.25 -110.6
-60.85 -86.11 -110.1
-59.66 -85.66 -109.0
-55.15 -86.55 -106.7
-48.81 -87.20 -104.6
-43.99 -85.83 -103.8
-40.26 -84.11 -103.4
-38.56 -82.34 -103.6
-37.08 -81.94 -103.7
-33.27 -83.58 -103.5
-29.17 -85.26 -104.1
-26.46 -87.31 -104.3
-25.84 -89.87 -104.3
-30.08 -91.37 -104.6
-38.56 -91.58 -105.0
-48.45 -90.72 -106.3
-56.99 -88.37 -108.1
-60.70 -86.23 -109.2
-61.11 -85.07 -109.3
-58.30 -84.62 -107.8
-52.97 -84.53 -105.9
-47.81 -83.80 -104.6
-43.17 -83.12 -104.1
-40.52 -82.33 -104.3
-38.74 -82.41 -104.2
-35.98 -84.12 -104.1
-34.66 -86.11 -104.7
-36.16 -87.85 -105.0
-39.94 -89.23 -105.5
-45.73 -89.88 -106.6
-52.05 -89.80 -107.9
-58.11 -88.39 -110.1
-61.07 -87.01 -111.7
-60.91 -86.58 -111.4
-60.04 -85.12 -110.9
-56.24 -84.40 -109.3
-51.00 -83.85 -107.4
-47.88 -81.88 -106.4
-45.14 -80.04 -106.5
-41.86 -78.95 -107.2
-38.94 -79.28 -107.0
-36.59 -80.58 -107.1
-34.43 -82.20 -108.2
-31.78 -84.80 -109.0
-30.61 -87.19 -110.2
-34.22 -87.94 -111.9
-41.86 -86.04 -114.9
-50.87 -80.11 -121.2
-59.18 -70.62 -130.1
-64.79 -59.45 -139.9
-66.70 -53.27 -145.6
-66.37 -56.90 -141.4
-64.18 -65.49 -131.6
-57.98 -76.23 -119.4
-53.47 -81.20 -113.6
-53.47 -81.20 -113.6
-49.94 -84.28 -106.7
-47.24 -85.10 -105.5
-46.07 -84.77 -105.7
-46.26 -84.05 -107.4
-46.51 -83.65 -108.9
-46.51 -83.65 -108.9
-51.01 -81.25 -113.6
-56.44 -77.00 -118.5
-61.46 -70.83 -124.2
-66.13 -61.68 -132.7
-67.91 -55.10 -138.8
-67.44 -54.56 -139.1
-66.25 -56.35 -137.0
-61.82 -63.56 -130.2
-58.20 -68.05 -126.0
-58.20 -68.05 -126.0
-53.14 -71.07 -122.1
-50.07 -72.49 -120.2
-47.89 -73.32 -119.2
-45.72 -73.79 -118.6
-43.78 -74.57 -117.9
-41.27 -76.65 -117.0
-40.02 -78.33 -117.0
-44.65 -76.82 -119.1
-49.10 -74.55 -121.3
-49.10 -74.55 -121.3
-63.09 -56.15 -137.5
-65.45 -49.48 -143.9
-65.73 -48.36 -145.3
-63.34 -56.21 -138.6
-57.64 -67.71 -128.7
-50.09 -76.39 -121.1
-45.49 -80.11 -117.8
-45.49 -80.11 -117.8
-40.50 -81.31 -113.8
-37.65 -81.57 -111.8
-35.69 -81.60 -110.7
-33.47 -81.82 -109.6
-31.80 -82.22 -109.0
-30.85 -82.97 -108.7
-30.82 -84.03 -108.6
-40.67 -81.75 -110.7
-50.23 -77.81 -113.9
-50.23 -77.81 -113.9
-59.34 -71.28 -122.6
-59.28 -72.71 -124.3
-57.15 -76.75 -123.7
-51.25 -84.50 -121.0
-43.63 -90.72 -118.9
-36.93 -93.90 -117.4
-33.76 -94.98 -116.1
-34.01 -93.47 -115.1
-35.51 -90.24 -114.7
-38.50 -86.54 -114.9
-42.17 -82.60 -115.8
-45.12 -79.64 -116.7
-48.74 -76.97 -118.2
-54.48 -73.11 -121.6
-59.63 -69.15 -126.0
-62.00 -66.90 -130.1
-62.64 -67.34 -132.0
-61.56 -71.48 -130.0
-58.62 -77.23 -126.3
-55.06 -82.22 -122.9
-52.03 -85.04 -121.0
-50.84 -84.89 -120.3
-50.08 -83.13 -119.5
-48.94 -80.58 -119.2
-47.77 -78.03 -118.9
-46.53 -76.33 -118.8
-45.91 -75.69 -118.0
-48.10 -77.54 -114.4
-52.06 -81.78 -109.4
-55.57 -86.85 -104.6
-57.82 -92.31 -99.72
-58.48 -96.09 -96.55
-58.61 -97.23 -95.68
-54.71 -97.08 -95.04
-48.03 -96.12 -94.43
-43.19 -94.01 -94.75
-39.45 -91.62 -95.82
-37.75 -89.41 -97.55
-36.62 -87.78 -99.94
-33.71 -87.58 -102.8
-31.90 -87.88 -106.1
-33.95 -87.19 -109.8
-38.25 -85.50 -113.6
-42.80 -83.02 -117.3
-47.07 -79.88 -120.2
-50.49 -76.54 -122.6
-51.90 -74.79 -122.8
-50.46 -76.15 -118.3
-47.28 -78.58 -111.8
-43.71 -79.85 -106.3
-39.47 -80.51 -103.4
-34.91 -80.88 -103.7
-30.78 -81.73 -104.5
-27.38 -84.72 -104.5
-26.34 -88.19 -104.6
-30.60 -89.84 -104.9
-38.95 -89.99 -105.3
-48.58 -88.98 -106.7
-56.90 -86.34 -108.7
-60.70 -83.94 -110.1
-61.28 -83.00 -110.0
-58.80 -82.98 -108.3
-53.79 -83.30 -106.2
-48.42 -83.11 -104.8
-43.48 -82.87 -104.1
-40.80 -82.64 -104.2
-38.97 -82.51 -104.3
-36.56 -82.69 -104.4
-34.47 -82.94 -104.5
-33.31 -82.86 -104.5
-32.09 -83.16 -104.2
-29.59 -84.28 -104.1
-27.01 -85.75 -104.6
-25.44 -87.42 -105.0
-24.30 -89.07 -105.6
-22.87 -90.60 -106.3
-22.16 -91.32 -107.2
-22.13 -91.16 -108.3
-22.17 -90.77 -109.0
-23.30 -89.84 -109.1
-25.37 -88.77 -108.4
-27.59 -88.03 -106.1
-26.43 -84.39 -92.43
-1.382 24.913 -3.286
-1.382 24.913 -3.286
-1.389 25.116 -3.316
-1.435 26.541 -3.528
-1.540 31.040 -4.192
-1.609 37.648 -5.152
-1.574 43.881 -6.049
-1.486 49.313 -6.804
-1.394 52.863 -7.277
-1.314 54.980 -7.560
-1.261 56.487 -7.759
-1.244 56.886 -7.815
-1.272 56.156 -7.719
-1.299 55.425 -7.622
-1.285 55.785 -7.669
-1.184 58.300 -7.992
-0.717 66.786 -9.033
0.0261 77.979 -10.21
0.7890 87.199 -11.01
1.1770 91.558 -11.34
1.1488 91.238 -11.31
0.9469 89.000 -11.15
0.4148 82.626 -10.63
-0.228 74.554 -9.872
-0.642 68.508 -9.222
-0.891 64.275 -8.729
-0.964 63.068 -8.583
-1.020 61.857 -8.434
-1.256 56.183 -7.725
-1.480 49.567 -6.841
-1.578 44.928 -6.194
-1.592 43.041 -5.929
-1.481 49.524 -6.850
-0.984 62.494 -8.511
-0.029 76.635 -10.06
0.8068 87.375 -11.02
1.1282 90.980 -11.29
1.1729 91.495 -11.33
0.8082 87.277 -11.01
0.1580 79.592 -10.36
-0.315 73.195 -9.730
-0.682 67.833 -9.141
-0.856 65.200 -8.834
-0.957 63.033 -8.577
-1.194 57.761 -7.929
-1.334 54.445 -7.496
-1.220 57.440 -7.882
-1.086 60.459 -8.264
-0.566 69.028 -9.288
0.0804 78.627 -10.27
0.8151 87.488 -11.03
1.1955 91.773 -11.35
1.1612 91.378 -11.32
0.9161 88.625 -11.12
0.3393 81.591 -10.54
-0.268 74.038 -9.820
-0.516 70.734 -9.468
-0.616 68.938 -9.268
-0.748 66.876 -9.034
-0.873 64.642 -8.776
-1.028 61.721 -8.422
-1.182 58.393 -8.006
-1.349 53.890 -7.425
-1.433 51.336 -7.081
-1.253 56.378 -7.761
-0.722 67.180 -9.070
0.0749 78.955 -10.26
1.1049 90.761 -11.28
1.4015 94.006 -11.50
1.4475 94.471 -11.53
1.0101 89.496 -11.18
0.2177 80.330 -10.43
-0.457 70.969 -9.498
-0.804 65.806 -8.909
-0.804 65.806 -8.909
-1.007 62.096 -8.464
-1.131 59.499 -8.140
-1.202 57.831 -7.930
-1.243 56.913 -7.815
-1.248 56.773 -7.799
-1.248 56.773 -7.799
-1.040 61.404 -8.385
-0.514 69.965 -9.390
0.1106 79.014 -10.30
0.8199 87.539 -11.03
1.1859 91.644 -11.34
1.1461 91.195 -11.31
0.8625 88.047 -11.07
0.1559 79.291 -10.33
-0.325 73.234 -9.735
-0.325 73.234 -9.735
-0.645 68.465 -9.215
-0.765 66.575 -8.999
-0.827 65.368 -8.860
-0.949 63.146 -8.593
-1.080 60.533 -8.270
-1.236 56.886 -7.808
-1.320 54.785 -7.534
-0.966 61.865 -8.448
-0.616 68.946 -9.268
-0.616 68.946 -9.268
0.9998 89.570 -11.19
1.2326 92.128 -11.37
1.2649 92.495 -11.39
0.9037 88.437 -11.10
0.2191 80.349 -10.43
-0.469 70.633 -9.463
-0.852 64.947 -8.809
-0.852 64.947 -8.809
-1.062 60.940 -8.321
-1.169 58.675 -8.036
-1.243 56.816 -7.800
-1.343 54.062 -7.443
-1.425 51.563 -7.109
-1.475 49.809 -6.871
-1.489 49.177 -6.785
-0.715 63.560 -8.691
0.0254 77.936 -10.20
0.0254 77.936 -10.20
0.7883 87.176 -11.01
0.7403 86.602 -10.97
0.4491 83.146 -10.68
-0.113 76.085 -10.02
-0.711 67.423 -9.095
-1.174 58.432 -8.014
-1.400 52.473 -7.230
-1.448 50.770 -7.000
-1.455 50.528 -6.967
-1.379 52.977 -7.300
-1.218 57.448 -7.884
-1.118 60.241 -8.233
-0.887 64.329 -8.735
-0.353 72.394 -9.650
0.2019 80.123 -10.41
0.5109 83.931 -10.75
0.5816 84.747 -10.82
0.2850 81.216 -10.51
-0.260 74.167 -9.833
-0.749 66.477 -8.992
-1.073 60.701 -8.293
-1.161 58.831 -8.058
-1.173 58.565 -8.024
-1.172 58.573 -8.025
-1.167 58.651 -8.034
-1.163 58.729 -8.043
-1.150 59.026 -8.085
-0.931 63.275 -8.617
-0.521 70.387 -9.432
-0.119 76.038 -10.02
0.2342 80.533 -10.45
0.4539 83.263 -10.69
0.5192 83.997 -10.75
0.0982 78.518 -10.26
-0.598 69.196 -9.299
-1.022 61.857 -8.437
-1.207 57.776 -7.922
-1.221 57.394 -7.874
-1.235 57.007 -7.826
-1.342 53.984 -7.433
-1.426 51.535 -7.103
-1.224 56.925 -7.828
-0.747 66.821 -9.031
-0.176 75.214 -9.940
0.3832 82.333 -10.61
0.7925 87.254 -11.02
0.9428 88.941 -11.14
0.6434 85.524 -10.87
0.0797 78.651 -10.27
-0.396 72.175 -9.625
-0.831 65.333 -8.858
-1.167 58.596 -8.032
-1.395 52.547 -7.236
-1.546 46.685 -6.436
-1.583 43.951 -6.055
-1.455 50.419 -6.971
-0.948 63.209 -8.598
-0.039 76.616 -10.06
0.7911 87.188 -11.01
0.9943 89.519 -11.18
1.2024 91.827 -11.35
0.8817 88.176 -11.08
0.2816 81.095 -10.50
-0.227 74.331 -9.852
-0.649 68.415 -9.211
-0.845 65.388 -8.860
-0.934 63.474 -8.634
-1.071 60.795 -8.308
-1.181 58.397 -8.007
-1.241 57.112 -7.840
-1.300 55.374 -7.616
-1.422 51.391 -7.092
-1.533 47.169 -6.510
-1.580 44.467 -6.129
-1.596 42.530 -5.856
-1.608 40.495 -5.563
-1.610 39.569 -5.430
-1.610 39.632 -5.439
-1.613 40.069 -5.506
-1.605 41.616 -5.729
-1.586 43.545 -5.999
-1.570 44.767 -6.171
-1.382 24.913 -3.286
9.9631 -41.99 -2.000
9.9631 -41.99 -2.000
10.421 -39.54 -2.606
10.874 -37.09 -3.227
9.9845 -40.34 -2.141
9.1510 -43.63 -1.006
7.1620 -50.34 0.4852
5.7194 -57.89 1.7180
5.7294 -64.69 2.1845
6.1948 -70.65 2.3731
6.8815 -75.25 2.8227
7.4493 -78.90 3.2403
7.7002 -83.07 3.4980
7.8025 -85.11 3.5805
7.8207 -80.91 3.7742
7.9378 -74.45 4.1514
8.3686 -71.70 4.4293
8.8853 -69.73 4.6583
9.2566 -67.15 4.9412
9.4267 -64.42 5.1400
9.3375 -61.61 5.1467
9.0338 -58.65 5.0405
8.2498 -54.61 4.8452
7.3584 -52.38 4.6970
7.0960 -55.02 4.4899
7.1703 -60.83 4.2120
7.3618 -67.33 4.1144
7.4724 -74.37 4.1278
7.2529 -82.27 4.3501
6.8946 -86.43 4.5286
6.7016 -86.22 4.5438
6.5992 -84.66 4.6616
7.0168 -80.55 4.6482
7.6721 -75.61 4.7913
7.8718 -72.37 5.2241
7.8883 -69.86 5.5424
7.7876 -67.90 5.7276
7.6539 -65.68 5.6687
7.7678 -61.04 5.2949
8.1606 -58.08 4.5842
8.4710 -58.12 3.9021
8.5865 -58.63 3.5974
8.5947 -62.68 3.4913
8.3207 -68.96 3.5250
7.6605 -74.27 3.9931
7.2017 -76.91 4.3535
7.1588 -74.93 4.5758
7.1967 -71.86 4.9530
7.4971 -70.55 5.1719
7.8404 -69.36 5.3723
8.0121 -67.57 5.5913
8.0814 -65.09 5.7142
8.0632 -61.89 5.6704
7.9956 -57.91 5.4380
7.9180 -51.93 5.0911
7.8685 -48.39 4.6381
7.9527 -48.85 4.3164
8.3835 -52.09 3.9409
8.5502 -60.25 3.7304
8.1706 -69.22 3.7843
7.9279 -74.33 3.8735
7.6407 -76.58 4.1649
7.2743 -77.42 4.5017
7.1109 -77.55 4.6431
7.3651 -74.12 4.6701
7.7975 -67.52 5.1231
8.4380 -62.17 6.3794
8.4313 -55.97 8.2487
7.2149 -46.55 10.375
6.2988 -40.16 12.009
6.1354 -39.03 12.846
6.1205 -38.86 13.405
6.9871 -44.61 13.489
7.7942 -50.37 13.181
7.7942 -50.37 13.181
8.9513 -62.10 12.229
9.8096 -70.83 11.535
10.110 -74.34 11.286
10.200 -73.30 11.239
10.280 -72.25 11.190
10.280 -72.25 11.190
10.489 -65.98 11.320
11.007 -63.67 11.525
11.577 -62.41 11.679
12.115 -59.98 11.997
12.189 -57.05 12.361
11.783 -53.79 12.660
11.237 -50.01 12.842
9.9746 -44.55 12.930
9.0585 -41.40 12.910
9.0585 -41.40 12.910
8.6805 -45.53 12.669
9.3078 -54.36 12.271
10.166 -63.20 11.717
10.695 -68.55 11.232
10.946 -71.37 10.933
11.009 -72.83 10.793
10.968 -73.05 10.773
11.006 -67.25 11.249
10.965 -61.46 11.670
10.965 -61.46 11.670
11.427 -47.14 13.285
10.669 -37.89 14.173
10.251 -34.63 14.491
10.027 -36.44 14.144
9.7155 -40.71 13.523
9.6165 -47.35 12.842
9.5801 -51.52 12.404
9.5801 -51.52 12.404
10.676 -62.79 11.424
11.448 -70.16 10.759
12.056 -74.76 10.458
12.618 -77.73 10.414
13.231 -78.38 10.838
14.304 -78.06 11.842
14.881 -76.36 12.692
10.724 -68.03 10.837
6.5612 -61.25 8.6865
6.5612 -61.25 8.6865
-1.212 -42.28 -7.758
-3.210 -42.59 -12.15
-4.494 -42.84 -12.77
-7.006 -49.81 -11.29
-7.831 -60.46 -8.520
-6.961 -66.39 -5.898
-5.624 -70.74 -3.009
-3.741 -74.98 -0.035
-1.519 -76.75 2.7570
0.8800 -76.32 4.6987
3.3393 -74.98 6.2160
5.2309 -73.36 8.0887
7.4047 -69.90 9.8081
10.699 -61.60 11.254
13.944 -55.42 12.371
16.365 -54.77 14.063
17.141 -54.34 15.225
15.728 -49.79 15.350
13.515 -45.87 15.010
11.986 -47.35 14.031
10.834 -50.25 13.253
10.232 -52.88 12.987
10.395 -56.49 12.736
11.296 -62.07 12.499
12.300 -67.71 12.211
12.930 -72.26 11.743
13.312 -74.20 11.485
13.388 -72.81 9.3180
13.607 -69.45 5.8574
14.753 -64.98 3.4778
15.376 -60.62 2.6256
15.018 -57.56 3.6294
14.794 -56.39 4.8149
13.520 -59.02 5.1433
11.529 -63.77 5.0591
10.283 -67.31 5.0608
9.4646 -71.00 4.8958
9.1758 -75.35 4.4192
9.0585 -79.42 3.9729
8.5535 -83.05 3.6799
8.2349 -84.68 4.0604
8.3158 -81.87 6.1975
8.0451 -74.49 8.4710
6.2493 -64.03 9.4898
4.2917 -53.59 10.163
2.5751 -43.73 10.059
1.7961 -39.06 9.5572
4.8117 -45.95 8.7959
7.7199 -52.94 7.6643
9.4217 -60.23 4.6751
10.316 -67.73 2.1895
9.9201 -77.14 1.8645
8.5205 -83.22 2.5246
7.7034 -84.54 3.1764
7.4311 -84.73 3.4492
7.9362 -81.29 3.5451
8.6674 -75.58 3.9712
9.0965 -72.05 4.4966
9.2071 -69.29 4.8940
9.0684 -67.36 5.1282
8.9133 -65.35 5.1703
8.8819 -61.16 4.9277
8.9348 -58.53 4.3013
8.9117 -58.57 3.7472
8.7565 -58.87 3.5250
8.4974 -62.55 3.5401
8.2382 -69.22 3.5990
8.0451 -75.56 3.6647
7.8801 -80.99 3.6900
7.8520 -83.69 3.5923
7.8008 -85.16 3.5856
7.4690 -87.46 3.9257
7.0762 -88.64 4.1918
6.8055 -87.35 4.3922
6.5711 -84.78 4.7358
6.3384 -82.63 4.9547
6.1338 -80.02 5.1382
6.1354 -76.82 5.2696
6.3912 -72.91 5.4531
6.6685 -68.14 5.7731
7.0201 -63.31 6.1554
7.5549 -58.33 6.6522
9.9631 -41.99 -2.000
-2.463 85.064 80.148
-2.463 85.064 80.148
-2.206 84.255 81.567
-1.759 83.004 83.976
-1.459 82.317 85.605
-1.160 82.038 86.982
-0.789 82.429 88.125
-0.331 83.652 89.078
0.2187 85.402 89.997
0.7019 87.497 90.810
1.0748 89.612 91.539
1.3240 91.426 92.141
1.2916 92.769 92.595
1.1756 93.269 92.976
0.9701 91.914 93.382
0.6524 88.648 93.818
0.4775 84.412 94.346
0.4147 80.221 94.815
0.5326 77.122 95.224
0.6505 75.892 95.401
0.7304 76.768 95.406
0.8465 79.055 95.366
0.8769 82.051 95.191
0.8883 85.521 94.869
0.9245 88.963 94.479
0.9530 91.923 94.054
0.9492 94.202 93.639
0.9378 95.081 93.332
0.9492 94.532 93.198
0.9644 92.835 93.208
0.9778 90.280 93.407
0.9949 87.254 93.808
1.0196 84.286 94.268
1.0443 81.799 94.725
1.0653 80.086 95.137
1.0767 79.506 95.348
1.0653 80.104 95.385
1.0462 81.661 95.423
1.0329 83.697 95.352
1.0253 86.057 95.194
1.0329 88.423 95.068
1.0386 90.423 94.958
1.0101 91.831 94.881
0.9873 92.322 94.857
0.9302 91.411 94.910
0.8236 89.281 95.037
0.7343 86.823 95.181
0.6468 83.986 95.336
0.5421 80.955 95.486
0.4889 78.346 95.595
0.5763 76.547 95.632
0.6619 75.929 95.627
0.7361 76.808 95.550
0.8446 79.094 95.363
0.8750 82.082 95.139
0.8864 85.540 94.825
0.9245 88.969 94.433
0.9549 91.919 94.014
0.9492 94.206 93.612
0.9359 95.096 93.310
0.9473 94.535 93.188
0.9664 92.808 93.131
0.9778 90.216 92.995
0.9911 87.124 92.834
1.0082 84.035 92.695
1.0215 81.425 92.539
1.0406 79.624 92.350
1.0501 79.012 92.169
1.0443 79.414 92.008
1.0291 80.499 91.863
1.0120 81.922 91.736
0.9929 83.678 91.622
0.9778 86.067 91.483
0.9701 87.440 91.405
0.9701 87.440 91.405
0.9644 90.607 91.226
0.9778 91.811 91.293
0.9797 91.984 91.496
0.8978 91.206 91.850
0.8161 90.428 92.076
0.8161 90.428 92.076
0.5896 87.004 92.358
0.4337 84.887 92.331
0.3614 83.566 92.258
0.4223 82.512 92.136
0.4984 82.166 92.012
0.5726 82.612 91.952
0.7285 83.715 91.905
0.8275 85.532 91.795
0.8446 86.692 91.722
0.8446 86.692 91.722
0.9473 90.340 91.304
0.9473 92.481 90.978
0.9169 93.782 90.736
0.9093 94.934 90.531
0.9073 95.351 90.452
0.9093 94.697 90.545
0.9169 92.937 90.799
0.9359 89.811 91.247
0.9511 87.791 91.523
0.9511 87.791 91.523
1.0006 83.036 92.123
1.0196 81.179 92.322
1.0215 80.914 92.350
1.0253 81.242 92.332
1.0348 82.175 92.315
1.0443 83.912 92.324
1.0481 85.044 92.332
1.0481 85.044 92.332
1.0443 88.535 92.415
1.0348 90.431 92.481
1.0291 91.506 92.642
1.0481 92.511 92.964
1.0653 92.880 93.419
1.0881 92.520 93.954
1.1185 91.346 94.572
1.1147 88.928 95.415
1.1071 87.321 95.886
1.1071 87.321 95.886
1.0044 82.439 97.364
0.9226 79.829 98.137
0.8598 78.406 98.559
0.8046 77.161 98.928
0.7818 76.750 99.053
0.8484 77.471 98.988
0.9664 79.446 98.798
1.0786 82.148 98.514
1.1357 85.313 98.163
1.0729 88.473 97.800
0.9492 91.168 97.436
0.7780 93.136 97.113
0.6733 93.853 96.874
0.6239 93.266 96.708
0.5592 91.648 96.609
0.5611 89.428 96.554
0.5801 86.807 96.523
0.5821 84.149 96.500
0.5745 81.861 96.458
0.5497 80.178 96.393
0.5307 79.557 96.272
0.4984 80.708 96.064
0.4413 83.598 95.805
0.3975 87.495 95.504
0.3709 91.431 95.181
0.3690 94.477 94.930
0.3766 95.745 94.754
0.3975 94.655 94.632
0.4660 91.959 94.574
0.5554 88.375 94.527
0.6905 84.764 94.500
0.9188 81.970 94.521
1.0596 80.808 94.543
1.1775 81.507 94.553
1.4324 83.242 94.574
1.5770 85.594 94.558
1.5922 87.963 94.512
1.5446 89.733 94.484
1.4876 90.447 94.470
1.4248 89.917 94.491
1.3164 88.645 94.504
1.2821 87.003 94.488
1.1661 85.377 94.431
0.9302 84.134 94.273
0.7590 83.629 93.997
0.4641 84.015 93.641
0.0798 85.074 93.258
-0.281 86.557 92.884
-0.312 88.300 92.667
0.0190 90.092 92.635
0.3214 91.687 92.638
0.6487 92.901 92.702
1.0329 93.334 92.941
1.1052 91.125 93.307
0.9473 87.255 93.725
0.8693 84.222 94.152
0.8275 81.750 94.547
0.9283 80.057 94.869
1.0177 79.501 95.104
1.0748 80.094 95.249
1.1394 81.650 95.305
1.1204 83.704 95.290
1.0634 86.081 95.197
1.0025 88.440 95.076
0.9397 90.427 94.922
0.8655 91.637 94.786
0.8598 92.312 94.618
0.9131 92.799 94.390
0.9549 93.057 94.042
1.0253 93.264 93.589
1.1775 93.304 92.975
1.3221 92.698 92.194
1.3867 91.206 91.218
1.4210 89.226 90.110
1.3697 87.100 88.850
1.2079 85.355 87.520
0.9854 84.011 86.112
0.5611 83.183 84.650
-0.150 82.773 83.170
-0.956 82.440 81.697
-1.769 82.414 80.310
-2.566 82.771 78.744
-2.463 85.064 80.148
1.5871 3.0978 -11.26
1.5871 3.0978 -11.26
1.9010 3.3904 -10.07
2.4284 3.8362 -8.080
2.7691 4.0671 -6.769
3.0402 4.1446 -5.746
3.2674 4.1341 -5.007
3.4578 4.0953 -4.516
3.6263 4.0389 -4.134
3.7582 3.9737 -3.870
3.8791 3.9014 -3.654
3.9328 3.8486 -3.458
3.9328 3.8274 -3.230
3.9377 3.8222 -2.962
4.0928 3.9208 -2.627
4.4030 4.0512 -2.267
4.7619 4.0706 -1.925
5.0440 4.0389 -1.616
5.0587 3.6653 -1.350
4.9353 3.0891 -1.168
4.7363 2.6978 -1.067
4.4982 2.5515 -1.047
4.4469 3.0485 -1.142
4.4847 3.9684 -1.375
4.5311 4.9870 -1.666
4.4909 5.5827 -1.983
4.2210 5.1650 -2.274
3.9573 4.3931 -2.498
3.7936 3.7076 -2.633
3.7155 3.3534 -2.667
3.9267 3.6547 -2.585
4.2833 4.2239 -2.371
4.5715 4.8425 -2.088
4.7497 5.1826 -1.760
4.7094 4.7773 -1.434
4.5543 4.0830 -1.164
4.3626 3.4644 -0.984
4.1892 3.1595 -0.925
4.1038 3.2793 -0.943
4.0391 3.5543 -0.984
3.9792 3.9296 -1.028
3.9731 4.3209 -1.067
4.0293 4.6610 -1.094
4.0720 4.8601 -1.101
4.1746 4.8883 -1.082
4.3675 4.8495 -1.046
4.5568 4.7632 -1.005
4.7472 4.5923 -0.966
4.9634 4.3949 -0.932
5.0709 4.0988 -0.914
5.0062 3.6195 -0.921
4.8913 3.1155 -0.940
4.6911 2.7066 -0.966
4.4591 2.5533 -1.049
4.4139 3.0503 -1.196
4.4591 3.9719 -1.418
4.5153 4.9905 -1.709
4.4811 5.5880 -2.020
4.1990 5.1703 -2.295
3.9255 4.3967 -2.513
3.7692 3.7146 -2.619
3.7289 3.3569 -2.741
4.0012 3.6582 -3.022
4.4652 4.2433 -3.367
4.9476 4.8813 -3.713
5.3090 5.2197 -4.026
5.3688 4.8161 -4.262
5.2492 4.1517 -4.423
5.0428 3.5507 -4.527
4.8535 3.2511 -4.585
4.7778 3.3234 -4.649
4.7192 3.5014 -4.705
4.6545 3.8345 -4.762
4.6239 4.0494 -4.789
4.6239 4.0494 -4.789
4.5031 4.6451 -4.857
4.4225 4.9218 -4.752
4.3932 4.9782 -4.527
4.4384 4.9712 -4.161
4.4823 4.9606 -3.929
4.4823 4.9606 -3.929
4.6752 4.7509 -3.636
4.8327 4.5605 -3.658
4.8608 4.2997 -3.718
4.7472 3.8327 -3.823
4.6215 3.3287 -3.931
4.4249 2.9093 -3.972
4.2491 2.7366 -4.017
4.3602 3.4256 -4.211
4.5129 4.1059 -4.353
4.5129 4.1059 -4.353
4.7350 5.6919 -4.914
4.4579 5.2690 -5.235
4.1099 4.4971 -5.407
3.7961 3.8133 -5.558
3.6422 3.4573 -5.608
3.7631 3.7675 -5.545
4.0244 4.3561 -5.356
4.3822 4.9994 -4.992
4.5995 5.3642 -4.754
4.5995 5.3642 -4.754
4.4542 4.2786 -4.128
4.3345 3.5719 -3.867
4.2833 3.3217 -3.834
4.2417 3.3904 -3.856
4.1722 3.5772 -3.894
4.1208 3.9103 -3.925
4.0977 4.1270 -3.940
4.0977 4.1270 -3.940
3.9255 4.7332 -3.914
3.8046 4.9747 -3.880
3.6898 5.0680 -3.713
3.5372 5.2020 -3.390
3.3858 5.2743 -2.929
3.2478 5.3007 -2.392
3.1769 5.2708 -1.777
3.1709 5.1315 -0.941
3.1745 5.0310 -0.466
3.1745 5.0310 -0.466
3.2075 4.2222 1.0341
3.1794 3.6177 1.8355
3.1330 3.1771 2.2740
3.0891 2.8176 2.6640
3.0646 2.6855 2.7944
3.0170 2.9974 2.7375
2.9107 3.5772 2.5775
2.8009 4.1605 2.3570
2.6654 4.4989 2.0962
2.5200 4.3631 1.8520
2.4065 3.9896 1.6197
2.3234 3.5032 1.4075
2.3051 3.0167 1.2155
2.3564 2.6625 1.0412
2.4870 2.5057 0.8789
2.6666 2.5656 0.7164
2.9022 2.7877 0.5553
3.1916 3.0873 0.3964
3.4822 3.4573 0.2352
3.7411 3.8538 0.0740
3.8974 4.2204 -0.094
3.9304 4.5235 -0.276
3.8290 4.6698 -0.460
3.5580 4.5006 -0.649
3.2063 4.0583 -0.822
2.8815 3.5049 -0.964
2.6678 2.9586 -1.071
2.6373 2.5726 -1.140
2.7484 2.4123 -1.187
2.9743 2.5427 -1.233
3.2710 2.9604 -1.272
3.5738 3.5384 -1.305
3.8168 4.2504 -1.344
3.9963 5.0099 -1.406
4.1428 5.6778 -1.483
4.2295 6.1872 -1.579
4.2527 6.3845 -1.675
4.2906 6.1995 -1.752
4.3870 5.7413 -1.819
4.5141 5.1527 -1.877
4.6569 4.5341 -1.948
4.7778 3.9772 -2.044
4.9036 3.6917 -2.187
5.0134 3.6565 -2.399
5.0428 3.6494 -2.665
5.0611 3.8081 -2.955
5.0562 4.0741 -3.215
5.0037 4.2697 -3.422
4.8779 4.3826 -3.503
4.6178 4.1975 -3.458
4.2991 3.8609 -3.335
3.9780 3.6248 -3.166
3.8144 3.5155 -2.952
3.9817 3.7323 -2.716
4.2881 4.1164 -2.450
4.5910 4.4760 -2.167
4.7558 4.6680 -1.883
4.6886 4.4055 -1.619
4.5495 3.9508 -1.393
4.3712 3.5631 -1.200
4.2027 3.3798 -1.071
4.1050 3.4662 -1.005
4.0305 3.6424 -0.989
3.9536 3.8609 -1.009
3.9463 4.1041 -1.081
4.0256 4.4037 -1.165
4.0769 4.5728 -1.319
4.0574 4.4671 -1.540
4.0073 4.2557 -1.883
3.9523 4.0371 -2.345
3.8998 3.8274 -2.962
3.9108 3.6777 -3.715
3.9292 3.5596 -4.604
3.9010 3.4521 -5.566
3.8608 3.3481 -6.615
3.7509 3.2547 -7.708
3.5470 3.1736 -8.835
3.3064 3.0908 -9.970
3.0170 3.0062 -11.08
2.7020 2.9181 -12.14
2.3759 2.8317 -13.12
1.9791 2.7313 -14.22
1.5871 3.0978 -11.26
-0.309 15.890 -6.004
-0.309 15.890 -6.004
-0.037 16.583 -5.378
0.3767 17.604 -4.308
0.5848 18.026 -3.577
0.6526 18.122 -2.987
0.5913 17.935 -2.552
0.4183 17.498 -2.252
0.1774 17.012 -2.016
-0.108 16.419 -1.849
-0.395 15.774 -1.713
-0.651 15.075 -1.597
-0.840 14.379 -1.472
-0.962 13.628 -1.334
-0.850 12.745 -1.159
-0.448 11.840 -0.974
0.0613 10.852 -0.791
0.6307 10.313 -0.631
1.1585 10.325 -0.510
1.4060 10.469 -0.431
1.2976 10.610 -0.386
0.9570 10.939 -0.378
0.4720 11.614 -0.409
-0.094 12.401 -0.503
-0.629 13.197 -0.635
-1.100 13.626 -0.791
-1.474 13.486 -0.948
-1.634 13.151 -1.079
-1.585 12.755 -1.163
-1.356 12.506 -1.187
-0.985 12.672 -1.145
-0.551 12.978 -1.029
-0.147 13.225 -0.868
0.1654 13.334 -0.689
0.3351 13.152 -0.529
0.3504 12.818 -0.402
0.1982 12.414 -0.319
-0.092 12.198 -0.293
-0.417 12.349 -0.299
-0.769 12.655 -0.311
-1.103 13.046 -0.323
-1.368 13.392 -0.333
-1.531 13.548 -0.340
-1.576 13.572 -0.344
-1.411 13.321 -0.335
-1.041 12.795 -0.319
-0.640 12.273 -0.302
-0.182 11.694 -0.285
0.2858 10.969 -0.277
0.7359 10.543 -0.276
1.1607 10.501 -0.287
1.3524 10.542 -0.316
1.2637 10.631 -0.340
0.9614 10.939 -0.381
0.4961 11.608 -0.438
-0.062 12.398 -0.527
-0.605 13.191 -0.661
-1.092 13.622 -0.814
-1.489 13.484 -0.963
-1.661 13.151 -1.090
-1.630 12.754 -1.157
-1.348 12.497 -1.230
-0.804 12.629 -1.375
-0.097 12.889 -1.548
0.6691 13.104 -1.711
1.3403 13.182 -1.862
1.8046 12.982 -1.996
1.9491 12.652 -2.100
1.8243 12.234 -2.168
1.5889 12.000 -2.208
1.3162 12.048 -2.237
0.9844 12.161 -2.256
0.5453 12.398 -2.277
0.2957 12.551 -2.287
0.2957 12.551 -2.287
-0.356 12.959 -2.311
-0.695 13.184 -2.260
-0.780 13.247 -2.139
-0.770 12.924 -1.946
-0.760 12.600 -1.827
-0.760 12.600 -1.827
-0.373 11.574 -1.673
-0.071 10.801 -1.684
0.1840 10.472 -1.716
0.4259 10.452 -1.782
0.5267 10.501 -1.853
0.4818 10.587 -1.884
0.3559 10.877 -1.918
0.1446 11.689 -2.006
0 12.246 -2.064
0 12.246 -2.064
-0.430 13.384 -2.329
-0.813 13.227 -2.504
-1.106 12.869 -2.615
-1.414 12.460 -2.702
-1.558 12.220 -2.731
-1.453 12.412 -2.696
-1.188 12.743 -2.592
-0.747 13.031 -2.391
-0.467 13.178 -2.261
-0.467 13.178 -2.261
0.0613 12.753 -1.959
0.2267 12.352 -1.847
0.2343 12.159 -1.831
0.1227 12.216 -1.842
-0.134 12.365 -1.858
-0.523 12.622 -1.870
-0.765 12.785 -1.875
-0.765 12.785 -1.875
-1.503 13.207 -1.851
-1.934 13.345 -1.824
-2.214 13.482 -1.747
-2.471 13.928 -1.586
-2.632 14.468 -1.353
-2.700 14.981 -1.076
-2.696 15.238 -0.756
-2.734 14.879 -0.321
-2.770 14.520 -0.073
-2.770 14.520 -0.073
-2.812 13.093 0.6988
-2.791 12.291 1.1083
-2.749 11.823 1.3265
-2.714 11.403 1.5190
-2.695 11.252 1.5811
-2.760 11.822 1.5577
-2.964 12.885 1.4873
-3.264 13.986 1.3875
-3.655 14.621 1.2632
-4.107 14.438 1.1329
-4.453 13.857 1.0039
-4.650 13.006 0.8877
-4.770 12.126 0.7809
-4.661 11.416 0.6871
-4.261 11.075 0.6014
-3.774 11.053 0.5169
-3.219 11.076 0.4336
-2.646 11.125 0.3480
-2.139 11.189 0.2635
-1.716 11.251 0.1837
-1.540 11.283 0.1016
-1.685 11.300 0
-2.092 11.343 -0.086
-2.706 11.332 -0.182
-3.360 11.204 -0.270
-3.899 10.982 -0.343
-4.151 10.722 -0.397
-4.013 10.473 -0.433
-3.591 10.324 -0.460
-2.957 10.561 -0.488
-2.232 11.291 -0.510
-1.549 12.288 -0.521
-1.147 13.464 -0.529
-1.055 14.615 -0.541
-1.065 15.569 -0.560
-1.197 16.239 -0.591
-1.307 16.469 -0.630
-1.205 16.309 -0.663
-0.831 15.852 -0.696
-0.176 15.201 -0.727
0.5596 14.437 -0.772
1.2253 13.742 -0.837
1.5889 13.050 -0.927
1.6217 12.347 -1.048
1.5461 11.577 -1.189
1.2440 10.664 -1.342
0.7424 9.8485 -1.481
0.2617 9.2167 -1.586
-0.207 8.9938 -1.628
-0.577 9.6490 -1.603
-0.839 10.840 -1.533
-1.069 12.132 -1.444
-1.160 12.859 -1.333
-0.908 12.823 -1.211
-0.462 12.729 -1.071
-0.124 12.466 -0.916
0.1446 12.247 -0.765
0.3230 12.326 -0.636
0.3833 12.485 -0.528
0.2792 12.595 -0.433
0 12.696 -0.366
-0.345 12.789 -0.323
-0.737 12.853 -0.312
-1.140 12.891 -0.318
-1.407 12.908 -0.346
-1.490 12.909 -0.385
-1.502 12.907 -0.462
-1.398 13.025 -0.576
-1.215 13.249 -0.757
-1.090 13.496 -1.002
-0.959 13.628 -1.332
-0.802 13.600 -1.735
-0.589 13.511 -2.212
-0.286 13.339 -2.729
0.0110 13.091 -3.291
0.2256 12.821 -3.877
0.3548 12.506 -4.473
0.4008 12.148 -5.063
0.3690 11.769 -5.632
0.3230 11.389 -6.173
0.2738 11.033 -6.666
0.1325 10.657 -7.213
-0.309 15.890 -6.004
0 11.120 0
0 11.120 0
0 11.120 0
0 11.120 0
0 11.120 0
0 11.120 0
0 11.120 0
0 11.120 0
0 11.120 0
0 11.120 0
0 11.120 0
0 11.120 0
0 11.120 0
0 11.120 0
0 11.120 0
0 11.120 0
0 11.120 0
0 11.120 0
0 11.120 0
0 11.120 0
0 11.120 0
0 11.120 0
0 11.120 0
0 11.120 0
0 11.120 0
0 11.120 0
0 11.120 0
0 11.120 0
0 11.120 0
0 11.120 0
0 11.120 0
0 11.120 0
0 11.120 0
0 11.120 0
0 11.120 0
0 11.120 0
0 11.120 0
0 11.120 0
0 11.120 0
0 11.120 0
0 11.120 0
0 11.120 0
0 11.120 0
0 11.120 0
0 11.120 0
0 11.120 0
0 11.120 0
0 11.120 0
0 11.120 0
0 11.120 0
0 11.120 0
0 11.120 0
0 11.120 0
0 11.120 0
0 11.120 0
0 11.120 0
0 11.120 0
0 11.120 0
0 11.120 0
0 11.120 0
0 11.120 0
0 11.120 0
0 11.120 0
0 11.120 0
0 11.120 0
0 11.120 0
0 11.120 0
0 11.120 0
0 11.120 0
0 11.120 0
0 11.120 0
0 11.120 0
0 11.120 0
0 11.120 0
0 11.120 0
0 11.120 0
0 11.120 0
0 11.120 0
0 11.120 0
0 11.120 0
0 11.120 0
0 11.120 0
0 11.120 0
0 11.120 0
0 11.120 0
0 11.120 0
0 11.120 0
0 11.120 0
0 11.120 0
0 11.120 0
0 11.120 0
0 11.120 0
0 11.120 0
0 11.120 0
0 11.120 0
0 11.120 0
0 11.120 0
0 11.120 0
0 11.120 0
0 11.120 0
0 11.120 0
0 11.120 0
0 11.120 0
0 11.120 0
0 11.120 0
0 11.120 0
0 11.120 0
0 11.120 0
0 11.120 0
0 11.120 0
0 11.120 0
0 11.120 0
0 11.120 0
0 11.120 0
0 11.120 0
0 11.120 0
0 11.120 0
0 11.120 0
0 11.120 0
0 11.120 0
0 11.120 0
0 11.120 0
0 11.120 0
0 11.120 0
0 11.120 0
0 11.120 0
0 11.120 0
0 11.120 0
0 11.120 0
0 11.120 0
0 11.120 0
0 11.120 0
0 11.120 0
0 11.120 0
0 11.120 0
0 11.120 0
0 11.120 0
0 11.120 0
0 11.120 0
0 11.120 0
0 11.120 0
0 11.120 0
0 11.120 0
0 11.120 0
0 11.120 0
0 11.120 0
0 11.120 0
0 11.120 0
0 11.120 0
0 11.120 0
0 11.120 0
0 11.120 0
0 11.120 0
0 11.120 0
0 11.120 0
0 11.120 0
0 11.120 0
0 11.120 0
0 11.120 0
0 11.120 0
0 11.120 0
0 11.120 0
0 11.120 0
0 11.120 0
0 11.120 0
0 11.120 0
0 11.120 0
0 11.120 0
0 11.120 0
0 11.120 0
0 11.120 0
0 11.120 0
0 11.120 0
0 11.120 0
0 11.120 0
0 11.120 0
0 11.120 0
0 11.120 0
0 11.120 0
0 11.120 0
0 11.120 0
0 11.120 0
0 11.120 0
0 11.120 0
0 11.120 0
0 11.120 0
0 11.120 0
0 11.120 0
0 11.120 0
0 11.120 0
0 11.120 0
0 11.120 0
0 11.120 0
0 11.120 0
0 11.120 0
0 11.120 0
0 11.120 0
0 11.120 0
0 11.120 0
0 11.120 0
0 11.120 0
0 11.120 0
-12.62 9.6721 197.89
-12.62 9.6721 197.89
-11.51 10.594 195.50
-9.578 12.462 191.58
-8.151 14.191 189.16
-6.985 16.154 187.37
-6.190 18.315 186.07
-5.701 20.546 185.34
-5.376 22.707 184.74
-5.197 24.719 184.24
-5.067 26.562 183.88
-4.901 28.065 183.54
-4.585 29.151 183.18
-4.130 29.892 182.85
-3.522 30.438 182.45
-2.851 30.879 182.04
-2.221 31.434 181.65
-1.646 31.971 181.30
-1.137 32.464 181.00
-0.751 32.849 180.79
-0.472 33.117 180.68
-0.380 33.205 180.61
-0.547 32.271 180.63
-0.958 30.563 180.85
-1.538 28.891 181.23
-2.082 27.920 181.48
-2.536 28.481 181.82
-2.925 29.610 182.36
-3.170 30.693 182.71
-3.217 31.289 182.86
-3.038 30.808 182.77
-2.693 29.890 182.52
-2.184 28.921 182.14
-1.539 28.485 181.75
-0.837 29.091 181.42
-0.179 30.048 181.14
0.2932 31.066 180.95
0.4722 31.625 180.89
0.4522 31.409 180.87
0.3955 30.881 180.82
0.3210 30.188 180.76
0.2366 29.497 180.68
0.1365 28.974 180.59
0.0821 28.761 180.54
0.0498 28.921 180.51
0 29.311 180.47
-0.025 29.765 180.44
-0.050 30.331 180.43
-0.085 30.984 180.43
-0.130 31.647 180.45
-0.170 32.263 180.47
-0.246 32.746 180.50
-0.344 33.085 180.57
-0.380 33.205 180.61
-0.597 32.273 180.68
-1.069 30.568 180.89
-1.666 28.889 181.29
-2.164 27.925 181.55
-2.556 28.488 181.88
-2.932 29.604 182.42
-3.232 30.694 182.69
-3.379 31.285 182.97
-3.951 30.794 183.34
-5.051 29.900 183.68
-6.104 29.076 183.97
-6.986 28.541 184.28
-7.594 29.044 184.59
-7.980 30.128 184.80
-8.132 31.137 185.01
-8.147 31.675 185.13
-8.188 31.555 185.20
-8.245 31.229 185.32
-8.262 30.644 185.42
-8.260 30.266 185.45
-8.260 30.266 185.45
-8.178 29.244 185.62
-7.824 28.726 185.53
-7.299 28.690 185.26
-6.519 29.023 184.81
-6.028 29.266 184.55
-6.028 29.266 184.55
-5.473 30.283 184.30
-5.609 30.974 184.32
-5.775 31.585 184.48
-6.019 32.184 184.64
-6.240 32.661 184.80
-6.346 33.000 184.88
-6.386 33.110 184.90
-6.745 31.778 185.05
-7.078 30.443 185.18
-7.078 30.443 185.18
-8.190 27.732 185.82
-8.606 28.260 186.16
-8.962 29.329 186.69
-9.182 30.371 187.03
-9.216 30.952 187.18
-9.040 30.481 187.09
-8.698 29.594 186.83
-8.012 28.731 186.36
-7.538 28.272 186.05
-7.538 28.272 186.05
-6.198 29.903 185.41
-5.615 31.054 185.17
-5.525 31.498 185.18
-5.510 31.375 185.27
-5.469 31.042 185.40
-5.394 30.456 185.51
-5.345 30.077 185.55
-5.345 30.077 185.55
-5.031 29.074 185.58
-4.794 28.713 185.57
-4.323 28.513 185.40
-3.538 28.005 184.99
-2.480 27.486 184.39
-1.262 26.965 183.71
0.0887 26.843 182.94
1.9995 27.354 182.03
3.1278 27.711 181.59
3.1278 27.711 181.59
6.5949 29.600 180.14
8.4401 30.751 179.38
9.4428 31.472 178.97
10.327 32.090 178.70
10.622 32.311 178.49
10.491 31.444 178.37
10.148 29.788 178.45
9.7273 28.045 178.53
9.1582 26.951 178.58
8.6035 26.998 178.71
8.1111 27.497 179.00
7.5853 28.325 179.27
7.0773 29.157 179.53
6.5893 29.649 179.80
6.1168 29.722 179.95
5.6389 29.324 180.05
5.1420 28.690 180.21
4.6251 28.082 180.32
4.1116 27.482 180.44
3.6158 26.938 180.57
3.1623 26.505 180.73
2.7154 26.197 180.89
2.4253 26.066 181.13
2.2185 26.325 181.42
1.9762 27.000 181.69
1.8195 27.865 181.99
1.7016 28.730 182.27
1.5304 29.387 182.53
1.4504 29.659 182.66
1.3348 29.272 182.69
1.0858 28.213 182.67
0.8401 26.757 182.54
0.5600 25.047 182.34
0.2610 23.342 182.14
-0.063 21.895 181.93
-0.399 20.904 181.71
-0.778 20.496 181.60
-1.239 20.786 181.47
-1.804 21.685 181.16
-2.443 22.824 180.86
-3.071 24.081 180.70
-3.590 25.140 180.66
-4.038 26.069 180.84
-4.438 26.841 181.27
-4.813 27.574 181.85
-5.239 28.437 182.49
-5.582 29.301 183.07
-5.820 30.168 183.59
-5.843 30.784 183.76
-5.566 31.097 183.65
-5.110 31.265 183.51
-4.583 31.159 183.28
-3.989 30.824 183.02
-3.468 30.503 182.80
-2.942 30.200 182.56
-2.370 29.922 182.28
-1.803 29.878 181.97
-1.220 30.140 181.70
-0.672 30.471 181.47
-0.181 30.809 181.23
0.1210 31.009 181.03
0.2743 30.897 180.88
0.3722 30.633 180.79
0.3700 30.383 180.74
0.2110 30.105 180.75
-0.029 29.817 180.81
-0.438 29.590 180.84
-1.000 29.564 180.97
-1.815 29.669 181.39
-2.868 29.915 181.96
-4.128 29.892 182.84
-5.535 29.444 183.99
-7.133 28.801 185.28
-8.679 27.504 186.77
-10.05 25.468 188.56
-11.32 23.275 190.50
-12.38 20.862 192.60
-13.23 18.393 194.79
-13.87 16.037 196.97
-14.35 13.929 199.07
-14.69 12.193 200.98
-15.05 10.581 203.03
-12.62 9.6721 197.89
-2.338 38.680 11.513
-2.338 38.680 11.513
-2.440 41.782 10.447
-2.424 47.061 8.5202
-2.147 50.588 7.1807
-1.619 53.547 5.8489
-0.877 55.998 4.4058
0.0305 58.019 2.8437
1.0189 59.939 1.0667
1.9958 61.542 -0.706
2.8736 62.897 -2.375
3.5565 63.872 -3.703
4.0320 64.533 -4.621
4.1883 64.789 -4.930
4.1935 64.860 -4.908
4.1925 64.879 -4.861
4.1894 64.899 -4.836
4.1873 64.915 -4.812
4.1852 64.929 -4.791
4.1831 64.938 -4.769
4.1821 64.945 -4.750
4.1811 64.950 -4.732
4.1789 64.955 -4.713
4.1779 64.959 -4.695
4.1758 64.962 -4.678
4.1737 64.964 -4.660
4.1717 64.966 -4.645
4.1695 64.968 -4.627
4.1675 64.973 -4.609
4.1643 64.975 -4.592
4.1602 64.980 -4.574
4.1560 64.985 -4.557
4.1518 64.991 -4.541
4.1456 64.996 -4.527
4.1362 65.001 -4.516
4.1268 65.005 -4.502
4.1153 65.008 -4.482
4.1039 65.010 -4.459
4.0924 65.012 -4.434
4.0799 65.015 -4.400
4.0653 65.012 -4.363
4.0497 65.012 -4.322
4.0361 65.005 -4.272
4.0298 64.996 -4.205
4.0226 64.980 -4.135
4.0090 64.966 -4.072
3.9819 64.952 -4.031
3.9402 64.943 -4.020
3.8849 64.936 -4.029
3.7869 64.922 -4.090
3.6400 64.925 -4.254
3.4470 64.943 -4.572
3.2271 64.966 -4.969
2.9810 64.998 -5.500
2.7235 65.040 -6.131
2.4577 65.091 -6.908
2.2127 65.139 -7.663
1.9364 65.208 -8.825
1.5903 65.298 -10.64
1.2014 65.425 -12.98
0.7697 65.577 -15.81
0.3892 65.770 -18.47
0.1192 66.003 -20.56
0 66.266 -21.44
0.0295 66.540 -21.45
0.1765 66.826 -21.28
0.3986 67.125 -20.69
0.7135 67.436 -19.63
1.0867 67.756 -18.37
1.5204 68.086 -16.97
1.9833 68.427 -15.61
2.4733 68.761 -14.29
3.1061 69.153 -12.78
3.4564 69.360 -11.99
3.4564 69.360 -11.99
4.3572 69.777 -9.999
5.1193 69.789 -9.075
5.6646 69.724 -8.747
5.9690 69.690 -8.532
6.0295 69.671 -8.499
6.0295 69.671 -8.499
6.1536 69.655 -7.818
6.2005 69.627 -7.035
6.2120 69.586 -6.308
6.1995 69.526 -5.758
6.1536 69.445 -5.338
6.0889 69.356 -5.006
6.0035 69.250 -4.740
5.8773 69.102 -4.391
5.8022 69.017 -4.209
5.8022 69.017 -4.209
5.5603 68.738 -3.740
5.4154 68.563 -3.481
5.3007 68.418 -3.297
5.1590 68.245 -3.080
5.0182 68.058 -2.866
4.8879 67.865 -2.651
4.7690 67.657 -2.430
4.6356 67.376 -2.129
4.5678 67.220 -1.963
4.5678 67.220 -1.963
4.3791 66.738 -1.436
4.3113 66.441 -1.087
4.2926 66.190 -0.850
4.2415 65.879 -0.733
4.2373 65.549 -0.581
4.3478 65.127 0.9866
4.4323 64.892 2.3945
4.4323 64.892 2.3945
5.4624 64.068 9.5025
6.3402 63.618 14.218
7.1221 63.450 17.832
7.9051 63.432 21.453
8.5525 63.508 24.558
9.0550 63.676 27.149
9.2458 63.798 29.307
9.2531 63.510 31.851
9.2604 63.222 33.148
9.2604 63.222 33.148
8.8434 62.300 35.383
8.5191 61.828 35.415
8.1814 61.657 35.280
7.7789 61.563 34.698
7.3202 61.489 33.333
6.7708 61.618 31.423
6.1307 61.978 29.008
5.4373 62.388 26.321
4.7388 62.780 23.698
4.1018 62.992 21.626
3.5075 63.134 19.834
2.9362 63.298 18.084
2.4066 63.466 16.448
1.9020 63.674 14.823
1.4662 63.860 13.363
1.0961 64.019 12.089
0.8354 64.070 11.109
0.6832 64.021 10.451
0.6186 63.909 9.9906
0.5987 63.754 9.5259
0.6144 63.515 9.1197
0.6217 63.192 8.7506
0.6405 62.784 8.4070
0.6759 62.326 8.0672
0.7061 61.805 7.7196
0.7447 61.252 7.4189
0.6958 60.667 6.9561
0.5050 60.065 6.2589
0.1599 59.475 5.1576
-0.342 58.915 3.6287
-0.911 58.420 1.6212
-1.550 57.895 -0.630
-1.889 57.639 -3.438
-1.861 57.713 -6.919
-1.621 57.957 -10.73
-0.905 58.386 -14.61
0.1369 58.867 -18.12
1.1482 59.208 -21.06
2.0656 59.466 -22.82
2.7120 59.664 -23.51
3.1895 59.821 -23.61
3.6243 59.945 -22.55
3.9756 60.148 -20.46
4.2895 60.501 -18.55
4.5314 61.031 -16.66
4.7232 61.761 -15.15
4.8222 62.565 -13.69
4.8253 63.316 -11.96
4.7523 63.943 -10.18
4.6105 64.360 -8.429
4.4281 64.602 -6.896
4.2738 64.727 -5.676
4.1883 64.786 -4.932
4.1675 64.909 -4.611
4.1560 64.980 -4.559
4.1487 64.994 -4.523
4.1404 65.003 -4.504
4.1331 65.008 -4.494
4.1247 65.010 -4.490
4.1143 65.010 -4.480
4.1039 65.010 -4.459
4.0924 65.012 -4.434
4.0799 65.012 -4.404
4.0653 65.010 -4.367
4.0507 65.008 -4.324
4.0372 65.005 -4.266
4.0205 65.003 -4.209
4.0059 64.998 -4.160
3.9829 64.964 -4.135
3.9632 64.915 -4.334
3.9006 64.699 -4.508
3.6035 63.805 -4.377
2.9299 61.699 -4.029
2.0219 58.750 -3.444
0.9626 55.012 -2.467
-0.090 50.929 -1.358
-1.044 46.632 0.2524
-1.806 42.395 2.5781
-2.334 38.475 5.2513
-2.663 35.067 7.9520
-2.740 32.252 10.348
-2.521 29.429 12.369
-2.338 38.680 11.513
70.300 123.32 217.65
70.300 123.32 217.65
71.953 121.46 215.61
74.869 117.00 210.87
76.939 112.31 205.98
78.898 105.83 199.29
80.712 96.468 189.71
82.252 82.318 175.34
83.208 60.808 153.58
83.067 37.205 129.75
82.022 18.826 111.15
80.775 7.9833 100.15
79.763 1.9026 94.010
79.409 0.0735 92.170
79.409 0.0735 92.170
79.409 0.0735 92.170
79.409 0.0735 92.170
79.409 0.0735 92.170
79.409 0.0735 92.170
79.409 0.0735 92.170
79.409 0.0735 92.170
79.409 0.0735 92.170
79.409 0.0735 92.170
79.409 0.0735 92.170
79.409 0.0735 92.170
79.409 0.0735 92.170
79.409 0.0735 92.170
79.409 0.0735 92.170
79.409 0.0735 92.170
79.409 0.0735 92.170
79.409 0.0735 92.170
79.409 0.0735 92.170
79.398 0.0570 92.153
79.389 0.0405 92.137
79.389 0.0405 92.137
79.389 0.0460 92.137
79.391 0.0460 92.137
79.393 0.0460 92.142
79.393 0.0515 92.142
79.395 0.0515 92.148
79.396 0.0570 92.148
79.398 0.0570 92.153
79.400 0.0625 92.159
79.402 0.0625 92.159
79.404 0.0680 92.164
79.406 0.0680 92.164
79.406 0.0735 92.170
79.408 0.0735 92.170
79.408 0.0735 92.170
79.409 0.0735 92.170
79.398 0.0570 92.153
79.387 0.0405 92.137
79.389 0.0405 92.137
79.389 0.0405 92.137
79.389 0.0460 92.137
79.391 0.0460 92.142
79.391 0.0460 92.142
79.393 0.0460 92.142
79.393 0.0515 92.142
79.395 0.0515 92.148
79.396 0.0515 92.148
79.396 0.0570 92.148
79.398 0.0570 92.153
79.398 0.0570 92.153
79.400 0.0625 92.153
79.400 0.0625 92.159
79.402 0.0625 92.159
79.404 0.0680 92.164
79.404 0.0680 92.164
79.406 0.0680 92.164
79.406 0.0735 92.170
79.408 0.0735 92.170
79.408 0.0735 92.170
79.409 0.0735 92.170
79.409 0.0735 92.170
79.484 1.2270 93.323
79.597 3.1770 95.273
79.658 4.3470 96.432
79.626 3.7427 95.833
79.539 2.1882 94.279
79.446 0.6558 92.752
79.409 0.0790 92.170
79.409 0.0790 92.170
79.409 0.0790 92.170
79.409 0.0790 92.170
79.409 0.0735 92.170
79.409 0.0735 92.170
79.409 0.0735 92.170
79.409 0.0735 92.170
79.409 0.0735 92.170
79.409 0.0735 92.170
79.409 0.0735 92.170
79.409 0.0735 92.170
79.409 0.0735 92.170
79.409 0.0735 92.170
79.409 0.0735 92.170
79.409 0.0735 92.170
79.409 0.0735 92.170
79.409 0.0735 92.170
79.409 0.0735 92.170
79.409 0.0735 92.170
79.409 0.0735 92.170
79.409 0.0735 92.170
79.409 0.0735 92.170
79.409 0.0735 92.170
79.409 0.0735 92.170
79.409 0.0735 92.170
79.409 0.0735 92.170
79.409 0.0735 92.170
79.484 1.2325 93.323
79.565 2.6222 94.718
79.658 4.3415 96.432
79.752 6.3793 98.464
79.841 8.6644 100.74
79.921 11.163 103.24
79.980 13.739 105.82
80.032 17.260 109.34
80.045 19.276 111.36
80.045 19.276 111.36
80.021 24.511 116.59
79.976 27.087 119.17
79.943 28.350 120.43
79.906 29.460 121.53
79.891 29.801 121.88
79.882 29.751 121.83
79.858 29.619 121.69
79.830 29.460 121.52
79.793 29.235 121.29
79.754 28.971 121.02
79.711 28.691 120.74
79.665 28.394 120.43
79.619 28.081 120.11
79.569 27.757 119.78
79.521 27.439 119.45
79.474 27.126 119.13
79.428 26.829 118.82
79.387 26.549 118.54
79.348 26.296 118.27
79.315 26.060 118.04
79.293 25.873 117.84
79.272 25.703 117.67
79.269 25.610 117.57
79.322 25.747 117.72
79.489 26.340 118.34
79.734 27.285 119.33
80.051 28.609 120.70
80.393 30.174 122.33
80.764 32.080 124.30
81.122 34.156 126.44
81.431 36.156 128.49
81.702 38.084 130.48
81.898 39.649 132.09
82.039 40.803 133.27
82.076 41.237 133.71
81.804 41.380 133.81
81.072 41.616 133.94
80.062 41.940 134.12
78.870 42.149 134.16
77.669 42.226 134.07
76.609 42.044 133.73
75.805 41.671 133.24
75.366 40.830 132.32
75.355 39.204 130.67
75.764 36.474 127.97
76.356 32.728 124.28
77.089 27.900 119.54
77.797 22.292 114.03
78.427 16.244 108.08
78.904 10.180 102.11
79.194 5.0720 97.086
79.359 1.3423 93.417
79.409 0.0790 92.175
79.409 0.0790 92.175
79.409 0.0790 92.175
79.409 0.0790 92.175
79.409 0.0790 92.175
79.409 0.0790 92.175
79.409 0.0790 92.175
79.409 0.0790 92.175
79.409 0.0790 92.175
79.409 0.0790 92.175
79.409 0.0845 92.175
79.409 0.0845 92.175
79.409 0.0845 92.175
79.409 0.0845 92.175
79.409 0.0845 92.181
79.409 0.0845 92.181
79.408 0.0900 92.181
79.408 0.0900 92.186
79.408 0.0955 92.186
79.991 1.5126 93.675
81.666 7.1373 99.486
83.818 20.276 112.89
85.545 52.854 145.83
84.907 96.995 190.39
82.252 121.06 214.89
79.089 131.23 225.44
76.033 135.99 230.54
73.291 138.51 233.34
71.060 139.59 234.65
68.995 139.68 234.92
70.300 123.32 217.65
23.326 -38.58 100.69
23.843 -34.86 113.65
23.374 -30.83 126.73
21.778 -26.94 138.40
19.287 -23.86 147.77
16.378 -20.41 154.75
13.697 -15.93 159.52
11.244 -10.18 162.75
9.2462 -2.846 165.77
7.3783 4.9532 168.31
5.4307 12.406 170.82
3.8088 18.440 172.66
2.5316 22.524 174.02
1.6249 23.846 173.88
1.1044 23.451 172.79
0.6734 22.524 171.57
0.0476 21.490 169.84
-0.648 20.317 167.88
-1.376 19.123 165.91
-2.072 17.998 164.09
-2.640 16.990 162.42
-3.161 16.249 161.34
-3.873 15.865 161.42
-4.294 15.807 162.68
-4.304 16.036 164.60
-4.227 16.569 165.70
-3.301 17.124 165.75
-1.753 17.683 165.99
-0.316 18.190 166.41
0.4467 18.680 166.70
0.4148 19.149 167.84
0.1881 19.448 169.79
-0.389 19.602 171.41
-0.785 19.645 172.22
-0.673 19.496 171.98
-0.472 19.165 171.33
-0.274 18.824 170.18
-0.182 18.392 169.43
-0.619 17.907 169.05
-1.555 17.347 168.34
-2.611 16.692 167.76
-3.745 16.020 167.10
-4.786 15.354 166.26
-5.616 14.794 165.43
-6.200 14.362 164.43
-6.389 14.197 163.45
-6.302 14.277 162.86
-5.932 14.565 162.51
-5.316 15.039 162.33
-4.473 15.673 162.42
-3.534 16.372 162.71
-2.506 17.156 163.30
-1.401 17.939 164.17
-0.463 18.813 165.21
0.0253 19.778 167.22
0.3924 20.807 170.08
0.7373 21.969 172.61
1.5004 22.961 174.94
3.1287 23.681 175.88
5.1019 24.059 175.67
6.9473 24.187 175.45
8.6938 24.411 175.49
10.082 25.040 176.56
11.270 26.074 178.07
12.407 27.530 179.67
13.601 28.713 180.86
15.325 29.598 181.35
16.251 30.105 180.81
16.401 29.795 179.87
16.426 29.444 179.35
15.411 29.017 178.96
13.617 28.265 178.74
11.452 27.386 178.65
10.165 26.965 178.68
10.165 26.965 178.68
6.7462 25.851 179.06
4.9582 25.664 179.81
4.0866 25.643 179.35
3.3905 25.483 177.74
3.2117 25.355 177.16
3.2117 25.355 177.16
3.8663 25.936 175.33
5.0636 26.917 175.40
6.4524 28.079 176.28
7.8445 29.246 177.11
9.1536 30.435 178.16
10.328 31.491 178.87
11.145 32.653 180.56
11.347 34.556 183.84
11.222 35.660 185.49
11.222 35.660 185.49
11.318 38.506 190.17
12.844 39.194 191.65
14.485 39.514 190.98
16.053 39.359 190.47
16.991 38.933 189.94
16.765 38.389 189.62
15.960 37.398 188.88
14.846 35.745 187.50
14.073 34.743 186.65
14.073 34.743 186.65
13.920 31.139 182.07
13.939 29.305 179.52
13.974 28.297 178.06
13.626 27.333 176.95
13.074 26.639 176.41
12.186 25.936 175.85
11.640 25.637 175.65
11.640 25.637 175.65
10.063 25.051 175.07
9.0993 24.608 174.42
8.3106 24.256 173.93
7.3017 24.006 173.81
6.3471 23.841 173.81
5.3892 23.702 173.60
4.9327 23.590 173.45
5.1498 23.228 173.24
5.3637 22.929 173.04
5.3637 22.929 173.04
6.2385 20.925 172.37
6.2928 19.475 172.08
5.7979 18.072 171.23
4.7538 16.367 170.30
2.9914 14.490 170.15
0.4116 12.576 171.04
-2.509 10.694 172.40
-5.246 8.7169 174.09
-7.458 6.9843 174.40
-8.738 5.4863 173.42
-9.313 4.8679 172.41
-9.757 4.9692 170.93
-10.13 5.1184 169.51
-10.66 5.7475 168.21
-10.88 6.7391 167.34
-10.76 7.5707 167.03
-10.56 8.4983 166.78
-9.767 9.4259 166.62
-8.442 10.252 166.68
-7.257 11.041 166.69
-6.060 11.649 166.69
-4.926 12.064 166.71
-3.806 12.187 166.53
-2.656 12.144 166.05
-1.491 12.048 165.27
-0.309 11.963 164.23
0.7852 11.910 163.16
1.7526 11.931 162.00
2.4933 12.240 161.77
3.0201 12.773 162.42
3.1830 13.712 162.69
3.1478 15.098 163.73
3.0393 16.814 165.80
2.6913 18.686 167.73
2.2762 20.557 169.42
2.0879 22.268 170.92
1.9442 23.697 171.57
1.7750 24.774 171.46
1.5450 25.552 171.04
1.0885 26.192 170.10
0.8043 26.687 169.39
0.8171 27.194 169.12
0.8331 27.594 168.62
1.1875 27.871 168.71
1.9250 27.962 169.46
2.7551 27.882 170.11
3.5725 27.647 170.81
4.2334 27.322 171.55
4.5431 26.842 171.91
4.3388 26.256 172.17
3.7066 25.568 172.65
2.7296 24.779 172.87
1.7302 24.145 173.19
1.1172 23.846 173.95
0.9225 23.793 174.44
1.2386 24.081 175.00
1.9921 24.646 176.32
2.9627 25.195 177.20
3.8822 25.696 177.52
4.4984 26.010 177.74
4.7283 26.106 177.74
4.4825 26.042 177.74
3.9589 25.888 177.71
3.4192 25.701 177.62
2.7967 25.477 177.44
2.1102 25.264 177.28
1.4971 25.051 176.71
1.0342 24.864 175.78
0.8554 24.640 175.13
0.8714 24.496 174.69
1.0119 24.054 172.79
2.6242 23.350 170.70
6.1970 21.671 168.58
11.024 18.963 164.92
17.033 15.071 159.52
23.083 9.7138 152.40
28.837 2.5062 142.89
33.789 -6.428 131.14
36.576 -16.79 117.66
37.065 -27.32 103.80
35.599 -36.08 91.978
32.560 -42.88 81.505
23.326 -38.58 100.69
-16.20 -59.87 -1.774
-16.20 -59.87 -1.774
-16.84 -57.24 -3.124
-17.58 -52.62 -5.385
-17.58 -49.30 -6.905
-17.16 -46.43 -7.988
-14.29 -45.04 -7.897
-9.281 -43.71 -7.389
-4.082 -41.77 -7.092
-0.239 -36.88 -8.089
2.0583 -26.43 -10.87
4.3693 -14.83 -13.46
6.1255 -4.198 -15.52
6.7693 0.9375 -16.38
6.7693 0.9375 -16.38
6.7693 0.9375 -16.38
6.7693 0.9375 -16.38
6.7693 0.9375 -16.38
6.7693 0.9375 -16.38
6.7693 0.9375 -16.38
6.7693 0.9375 -16.38
6.7693 0.9375 -16.38
6.7693 0.9375 -16.38
6.7693 0.9375 -16.38
6.7693 0.9375 -16.38
6.7693 0.9375 -16.38
6.7693 0.9375 -16.38
6.7693 0.9375 -16.38
6.7693 0.9375 -16.38
6.7693 0.9375 -16.38
6.7703 0.9387 -16.39
6.7703 0.9387 -16.39
6.7703 0.9387 -16.39
6.7703 0.9387 -16.39
6.7703 0.9387 -16.39
6.7703 0.9387 -16.39
6.7703 0.9387 -16.39
6.7703 0.9387 -16.39
6.7703 0.9387 -16.39
6.7703 0.9387 -16.39
6.7703 0.9387 -16.39
6.7703 0.9387 -16.39
6.7703 0.9387 -16.39
6.7703 0.9387 -16.39
6.7703 0.9387 -16.39
6.7703 0.9387 -16.39
6.7703 0.9387 -16.39
6.7703 0.9387 -16.39
6.7703 0.9387 -16.39
6.7703 0.9387 -16.39
6.7703 0.9387 -16.39
6.7703 0.9387 -16.39
6.7703 0.9387 -16.39
6.7703 0.9387 -16.39
6.7703 0.9387 -16.39
6.7703 0.9387 -16.39
6.7703 0.9387 -16.39
6.7703 0.9387 -16.39
6.7703 0.9387 -16.39
6.7703 0.9387 -16.39
6.7703 0.9387 -16.39
6.7703 0.9387 -16.39
6.7703 0.9387 -16.39
6.7703 0.9387 -16.39
6.7703 0.9387 -16.39
6.7703 0.9387 -16.39
6.7703 0.9387 -16.39
6.7703 0.9387 -16.39
6.7703 0.9387 -16.39
6.7703 0.9387 -16.39
6.7703 0.9387 -16.39
6.7703 0.9387 -16.39
6.7703 0.9387 -16.39
6.7703 0.9387 -16.39
6.7703 0.9387 -16.39
6.7703 0.9387 -16.39
6.7703 0.9387 -16.39
6.7703 0.9387 -16.39
6.7703 0.9387 -16.39
6.7703 0.9387 -16.39
6.7703 0.9387 -16.39
6.7703 0.9387 -16.39
6.7703 0.9387 -16.39
6.7703 0.9387 -16.39
6.7703 0.9387 -16.39
6.7703 0.9387 -16.39
6.7703 0.9387 -16.39
6.7703 0.9387 -16.39
6.7703 0.9387 -16.39
6.7703 0.9387 -16.39
6.7703 0.9387 -16.39
6.7703 0.9387 -16.39
6.7703 0.9387 -16.39
6.7703 0.9387 -16.39
6.7703 0.9387 -16.39
6.7703 0.9387 -16.39
6.7703 0.9387 -16.39
6.7703 0.9387 -16.39
6.7703 0.9387 -16.39
6.7703 0.9387 -16.39
6.7703 0.9387 -16.39
6.7703 0.9387 -16.39
6.7703 0.9387 -16.39
6.7703 0.9387 -16.39
6.7703 0.9387 -16.39
6.7703 0.9387 -16.39
6.7703 0.9387 -16.39
6.7703 0.9387 -16.39
6.7703 0.9387 -16.39
6.7703 0.9387 -16.39
6.7703 0.9387 -16.39
6.7703 0.9387 -16.39
6.7703 0.9387 -16.39
6.7703 0.9387 -16.39
6.7703 0.9387 -16.39
6.7703 0.9387 -16.39
6.7703 0.9387 -16.39
6.7703 0.9387 -16.39
6.7703 0.9387 -16.39
6.7703 0.9387 -16.39
6.7703 0.9387 -16.39
6.7703 0.9387 -16.39
6.7703 0.9387 -16.39
6.7703 0.9387 -16.39
6.7703 0.9387 -16.39
6.7703 0.9387 -16.39
6.7703 0.9387 -16.39
6.7703 0.9387 -16.39
6.7703 0.9387 -16.39
6.7703 0.9387 -16.39
6.7703 0.9387 -16.39
6.7703 0.9387 -16.39
6.7703 0.9387 -16.39
6.7703 0.9387 -16.39
6.7703 0.9387 -16.39
6.7703 0.9387 -16.39
6.7703 0.9387 -16.39
6.7703 0.9387 -16.39
6.7703 0.9387 -16.39
6.7703 0.9387 -16.39
6.7703 0.9387 -16.39
6.7703 0.9387 -16.39
6.7703 0.9387 -16.39
6.7703 0.9387 -16.39
6.7703 0.9387 -16.39
6.7703 0.9387 -16.39
6.7703 0.9387 -16.39
6.7703 0.9387 -16.39
6.7703 0.9387 -16.39
6.7703 0.9387 -16.39
6.7703 0.9387 -16.39
6.7703 0.9387 -16.39
6.7703 0.9387 -16.39
6.7703 0.9387 -16.39
6.7703 0.9387 -16.39
6.7703 0.9387 -16.39
6.7703 0.9387 -16.39
6.7703 0.9387 -16.39
6.7703 0.9387 -16.39
6.7703 0.9387 -16.39
6.7703 0.9387 -16.39
6.7703 0.9387 -16.39
6.7703 0.9387 -16.39
6.7703 0.9387 -16.39
6.7703 0.9387 -16.39
6.7703 0.9387 -16.39
6.7703 0.9387 -16.39
6.7703 0.9387 -16.39
6.7703 0.9387 -16.39
6.7703 0.9387 -16.39
6.7703 0.9387 -16.39
6.7703 0.9387 -16.39
6.7703 0.9387 -16.39
6.7703 0.9387 -16.39
6.7703 0.9387 -16.39
6.7703 0.9387 -16.39
6.7703 0.9387 -16.39
6.7703 0.9387 -16.39
6.7703 0.9387 -16.39
6.7703 0.9387 -16.39
6.7693 0.9375 -16.38
6.7693 0.9375 -16.38
6.7693 0.9375 -16.38
6.7693 0.9375 -16.38
6.7693 0.9375 -16.38
6.7693 0.9375 -16.38
6.7693 0.9375 -16.38
6.7693 0.9375 -16.38
6.7693 0.9375 -16.38
6.7693 0.9375 -16.38
6.4056 -1.007 -16.32
5.1747 -6.187 -16.17
3.3889 -13.23 -15.84
1.0940 -21.16 -15.20
-1.311 -28.29 -14.45
-3.977 -34.53 -13.60
-7.059 -39.39 -12.74
-10.56 -43.31 -11.93
-14.37 -47.08 -11.13
-17.86 -50.37 -10.24
-20.86 -54.01 -9.030
-16.20 -59.87 -1.774
11.194 2.5583 -90.63
11.194 2.5583 -90.63
12.510 2.5147 -92.90
14.790 2.1819 -96.86
15.936 1.5928 -99.95
17.790 0.5782 -102.3
21.039 -1.063 -103.9
26.127 -3.011 -105.4
33.360 -5.204 -106.6
41.558 -7.484 -107.4
49.759 -9.458 -108.4
56.777 -11.05 -109.3
61.816 -12.27 -110.1
63.912 -12.53 -110.1
64.225 -12.44 -109.9
64.334 -12.32 -109.7
64.500 -12.12 -109.4
64.636 -11.86 -108.9
64.749 -11.55 -108.4
64.835 -11.20 -107.9
64.907 -10.81 -107.3
64.948 -10.36 -106.6
64.971 -9.906 -105.9
64.982 -9.415 -105.1
64.971 -8.913 -104.4
64.948 -8.395 -103.6
64.914 -7.876 -102.8
64.869 -7.347 -102.1
64.816 -6.824 -101.3
64.756 -6.305 -100.6
64.692 -5.798 -99.89
64.624 -5.313 -99.20
64.560 -4.849 -98.55
64.500 -4.407 -97.95
64.443 -3.993 -97.40
64.402 -3.616 -96.91
64.364 -3.256 -96.47
64.349 -2.945 -96.11
64.353 -2.678 -95.83
64.357 -2.449 -95.62
64.376 -2.241 -95.45
64.421 -2.051 -95.33
64.462 -1.876 -95.22
64.515 -1.712 -95.12
64.572 -1.543 -95.02
64.639 -1.380 -94.91
64.715 -1.200 -94.79
64.790 -1.069 -94.71
64.850 -0.987 -94.69
64.907 -0.927 -94.68
64.960 -0.894 -94.70
65.009 -0.872 -94.73
65.058 -0.861 -94.77
65.103 -0.845 -94.81
65.144 -0.823 -94.85
65.186 -0.790 -94.86
65.227 -0.747 -94.87
65.261 -0.692 -94.87
65.291 -0.632 -94.84
65.318 -0.561 -94.81
65.340 -0.480 -94.76
65.363 -0.387 -94.70
65.378 -0.283 -94.62
65.382 -0.163 -94.51
65.382 -0.038 -94.39
65.378 0.1090 -94.25
65.370 0.2672 -94.08
65.352 0.4473 -93.87
65.325 0.6545 -93.64
65.291 0.8782 -93.36
65.254 1.1182 -93.06
65.205 1.3855 -92.73
65.126 1.7619 -92.24
65.077 1.9801 -91.96
65.077 1.9801 -91.96
64.922 2.6292 -91.09
64.669 3.4038 -89.89
64.522 3.8129 -89.22
64.587 2.6346 -90.52
64.639 1.4510 -91.82
64.639 1.4510 -91.82
64.790 -1.063 -94.71
64.873 -1.047 -94.84
64.941 -1.014 -94.90
65.001 -0.976 -94.92
65.058 -0.927 -94.93
65.103 -0.883 -94.91
65.144 -0.840 -94.90
65.175 -0.807 -94.88
65.186 -0.790 -94.86
65.186 -0.790 -94.86
65.261 -0.692 -94.87
65.303 -0.616 -94.84
65.329 -0.545 -94.81
65.344 -0.474 -94.76
65.363 -0.387 -94.70
65.378 -0.283 -94.62
65.382 -0.163 -94.51
65.382 0.0108 -94.35
65.378 0.1090 -94.25
65.378 0.1090 -94.25
65.352 0.4473 -93.87
65.322 0.6818 -93.60
65.291 0.8836 -93.36
65.250 1.1182 -93.07
65.201 1.3746 -92.74
65.122 1.7564 -92.25
65.077 1.9801 -91.96
65.077 1.9801 -91.96
64.922 2.6292 -91.09
64.745 3.2129 -90.22
64.522 3.8129 -89.22
64.244 4.5166 -88.03
63.931 5.2476 -86.76
63.622 5.9512 -85.54
63.294 6.6331 -84.30
62.842 7.4513 -82.68
62.581 7.8822 -81.80
62.581 7.8822 -81.80
61.884 9.0550 -79.47
61.515 9.7260 -78.25
61.296 10.249 -77.49
61.096 10.887 -76.70
60.934 11.569 -76.04
60.776 12.306 -75.47
60.599 13.086 -74.94
60.358 13.877 -74.43
60.071 14.690 -73.95
59.751 15.508 -73.50
59.397 16.331 -73.08
59.020 17.155 -72.69
58.620 17.968 -72.35
58.209 18.753 -72.05
57.787 19.512 -71.78
57.365 20.248 -71.55
56.943 20.952 -71.36
56.525 21.628 -71.19
56.121 22.261 -71.06
55.733 22.850 -70.96
55.367 23.385 -70.88
55.032 23.876 -70.82
54.730 24.312 -70.79
54.455 24.699 -70.76
54.225 25.021 -70.74
54.033 25.277 -70.74
53.898 25.457 -70.74
53.807 25.572 -70.72
53.784 25.605 -70.74
53.837 25.479 -70.89
54.022 25.048 -71.32
54.293 24.399 -71.98
54.674 23.483 -72.92
55.119 22.375 -74.06
55.643 21.023 -75.44
56.204 19.495 -77.00
56.815 17.761 -78.77
57.437 15.884 -80.69
58.077 13.844 -82.78
58.711 11.678 -84.98
59.332 9.3987 -87.31
59.928 7.0367 -89.72
60.490 4.6312 -92.19
61.010 2.2037 -94.67
61.488 -0.174 -97.11
61.926 -2.503 -99.50
62.314 -4.680 -101.7
62.664 -6.736 -103.8
62.970 -8.531 -105.7
63.245 -10.09 -107.4
63.490 -11.26 -108.6
63.690 -12.16 -109.6
63.912 -12.52 -110.1
64.191 -12.53 -110.2
64.522 -12.27 -110.1
64.930 -11.79 -109.7
65.352 -11.16 -109.2
65.755 -10.48 -108.6
66.079 -9.884 -108.1
66.309 -9.426 -107.7
66.388 -9.256 -107.5
66.384 -9.316 -107.6
66.369 -9.518 -107.7
66.328 -9.824 -107.9
66.222 -10.21 -108.2
66.075 -10.64 -108.6
65.842 -11.09 -108.9
65.533 -11.54 -109.3
65.103 -11.95 -109.6
64.783 -12.53 -110.2
63.916 -12.53 -110.1
62.125 -11.05 -107.6
59.012 -8.127 -102.1
54.459 -4.789 -95.47
48.953 -1.941 -89.12
43.574 -0.130 -84.22
37.879 1.1018 -81.42
31.822 1.8110 -80.70
25.547 2.4383 -80.76
18.800 3.4202 -81.60
12.917 4.3421 -82.41
8.3189 5.0784 -82.54
11.194 2.5583 -90.63
-82.87 243.08 16.074
-82.87 243.08 16.074
-85.40 272.67 -13.47
-84.04 345.30 -85.88
-80.94 3.6362 255.92
-78.36 11.921 247.73
-76.38 17.352 242.42
-74.93 21.635 238.23
-73.54 25.462 234.52
-72.42 28.685 231.39
-71.47 31.354 228.82
-70.83 33.347 226.88
-70.40 34.692 225.58
-70.27 35.115 225.18
-70.27 35.126 225.16
-70.27 35.137 225.15
-70.28 35.164 225.13
-70.30 35.208 225.09
-70.31 35.258 225.03
-70.33 35.318 224.97
-70.35 35.389 224.91
-70.37 35.466 224.83
-70.39 35.549 224.75
-70.42 35.636 224.66
-70.45 35.730 224.57
-70.47 35.823 224.48
-70.50 35.917 224.38
-70.52 36.010 224.29
-70.55 36.103 224.20
-70.57 36.186 224.12
-70.59 36.262 224.04
-70.61 36.334 223.97
-70.63 36.400 223.91
-70.65 36.455 223.85
-70.66 36.504 223.80
-70.67 36.548 223.76
-70.68 36.581 223.73
-70.68 36.603 223.71
-70.69 36.608 223.70
-70.69 36.614 223.70
-70.69 36.614 223.70
-70.69 36.608 223.70
-70.68 36.603 223.71
-70.68 36.597 223.71
-70.68 36.592 223.73
-70.68 36.581 223.74
-70.67 36.564 223.75
-70.67 36.553 223.76
-70.67 36.537 223.77
-70.66 36.521 223.79
-70.66 36.504 223.81
-70.65 36.488 223.82
-70.65 36.471 223.84
-70.65 36.455 223.86
-70.64 36.433 223.87
-70.64 36.416 223.89
-70.63 36.400 223.91
-70.63 36.389 223.92
-70.63 36.372 223.93
-70.62 36.361 223.94
-70.62 36.350 223.96
-70.62 36.345 223.96
-70.62 36.339 223.97
-70.61 36.334 223.97
-70.61 36.328 223.98
-70.61 36.328 223.98
-70.62 36.339 223.97
-70.62 36.361 223.94
-70.63 36.400 223.91
-70.64 36.449 223.86
-70.66 36.499 223.81
-70.67 36.553 223.76
-70.68 36.592 223.72
-70.69 36.614 223.70
-70.69 36.614 223.70
-70.65 37.031 223.29
-70.58 37.712 222.63
-70.53 38.107 222.24
-70.55 37.899 222.45
-70.60 37.339 222.99
-70.65 36.768 223.55
-70.66 36.531 223.78
-70.66 36.504 223.81
-70.65 36.482 223.83
-70.65 36.460 223.85
-70.64 36.438 223.87
-70.64 36.422 223.89
-70.63 36.405 223.90
-70.63 36.394 223.92
-70.63 36.383 223.93
-70.62 36.372 223.94
-70.62 36.361 223.94
-70.62 36.356 223.96
-70.62 36.345 223.96
-70.62 36.339 223.97
-70.62 36.339 223.97
-70.61 36.334 223.97
-70.61 36.328 223.98
-70.61 36.328 223.98
-70.61 36.328 223.98
-70.61 36.328 223.98
-70.62 36.350 223.96
-70.63 36.389 223.92
-70.64 36.444 223.87
-70.66 36.499 223.81
-70.67 36.553 223.76
-70.68 36.592 223.72
-70.69 36.614 223.70
-70.69 36.614 223.70
-70.65 37.031 223.29
-70.60 37.520 222.82
-70.53 38.107 222.24
-70.46 38.788 221.58
-70.38 39.535 220.86
-70.28 40.326 220.09
-70.19 41.122 219.32
-70.05 42.176 218.29
-69.97 42.764 217.72
-69.97 42.764 217.72
-69.76 44.285 216.25
-69.65 45.026 215.53
-69.60 45.388 215.17
-69.56 45.723 214.85
-69.55 45.833 214.75
-69.55 45.822 214.76
-69.56 45.795 214.78
-69.56 45.751 214.82
-69.56 45.685 214.89
-69.56 45.591 214.98
-69.55 45.498 215.07
-69.55 45.405 215.16
-69.54 45.295 215.27
-69.54 45.180 215.38
-69.53 45.059 215.50
-69.52 44.938 215.62
-69.52 44.828 215.73
-69.51 44.724 215.83
-69.51 44.625 215.92
-69.51 44.543 216.01
-69.52 44.493 216.05
-69.53 44.460 216.09
-69.54 44.444 216.10
-69.58 44.603 215.94
-69.71 45.103 215.45
-69.87 45.838 214.72
-70.08 46.816 213.76
-70.30 47.914 212.68
-70.53 49.160 211.44
-70.76 50.451 210.17
-70.96 51.653 208.98
-71.14 52.806 207.84
-71.28 53.718 206.94
-71.38 54.333 206.33
-71.41 54.525 206.14
-71.38 54.415 206.24
-71.30 54.036 206.62
-71.16 53.493 207.16
-70.99 52.779 207.87
-70.81 51.994 208.66
-70.62 51.148 209.49
-70.44 50.357 210.28
-70.28 49.501 211.13
-70.17 48.441 212.17
-70.15 47.036 213.54
-70.15 45.328 215.21
-70.18 43.406 217.09
-70.21 41.429 219.01
-70.24 39.524 220.88
-70.25 37.772 222.58
-70.26 36.400 223.92
-70.27 35.433 224.86
-70.27 35.115 225.18
-70.28 35.170 225.12
-70.33 35.340 224.96
-70.40 35.604 224.69
-70.49 35.900 224.40
-70.56 36.153 224.15
-70.62 36.350 223.96
-70.66 36.521 223.79
-70.68 36.592 223.73
-70.67 36.553 223.76
-70.64 36.438 223.87
-70.59 36.279 224.03
-70.53 36.076 224.22
-70.47 35.851 224.45
-70.41 35.626 224.68
-70.35 35.428 224.87
-70.31 35.274 225.02
-70.27 35.170 225.13
-70.27 35.115 225.18
-70.84 35.499 224.80
-72.75 36.790 223.46
-75.59 39.343 220.85
-79.44 44.927 215.17
-83.72 60.060 199.95
-86.42 119.38 140.50
-83.11 174.90 84.919
-78.06 189.37 70.262
-73.20 195.15 64.248
-69.24 198.66 60.695
-66.04 202.20 57.026
-82.87 243.08 16.074
-50.87 -46.79 -140.9
-50.18 -33.84 -156.0
-44.56 -22.00 -168.9
-36.43 -14.41 -176.2
-28.28 -9.791 -179.5
-20.96 -6.265 -181.0
-15.05 -3.243 -181.5
-10.42 -0.055 -181.1
-6.143 3.2954 -180.8
-2.700 6.6722 -180.3
0.1818 10.001 -179.7
2.2978 12.950 -179.0
3.9116 15.405 -178.0
4.5034 17.376 -177.0
4.4496 18.846 -176.3
3.9610 19.948 -175.7
3.1451 20.865 -175.5
2.1050 21.512 -175.4
1.0919 21.992 -175.1
0.1146 22.253 -174.8
-0.925 22.433 -174.6
-1.440 22.493 -174.4
-1.046 22.583 -175.0
-0.203 22.557 -176.1
0.9753 22.236 -177.2
1.6478 21.786 -178.2
1.3474 21.032 -178.3
0.8140 20.050 -177.9
0.1191 19.116 -177.5
-0.351 18.641 -177.9
-0.396 18.658 -179.2
-0.432 18.756 -180.1
-0.472 19.241 -180.9
-0.768 19.986 -181.6
-1.642 20.590 -181.2
-2.642 21.178 -180.2
-3.507 21.722 -179.2
-3.861 22.249 -178.4
-3.619 22.853 -178.1
-3.193 23.474 -178.2
-2.660 24.049 -178.4
-2.140 24.473 -178.6
-1.727 24.704 -178.8
-1.557 24.756 -178.9
-1.638 24.511 -178.8
-1.835 23.954 -178.4
-2.077 23.359 -178.0
-2.355 22.622 -177.5
-2.655 21.769 -176.9
-2.888 20.860 -176.2
-3.023 19.978 -175.6
-3.108 19.198 -175.1
-3.126 18.448 -174.5
-2.794 18.075 -174.5
-1.799 18.054 -175.4
-0.320 18.139 -176.3
1.3070 18.341 -177.1
2.6295 18.529 -177.8
3.0240 18.636 -177.1
3.2885 18.632 -175.5
3.8534 18.452 -174.3
5.0234 17.694 -172.6
7.3367 16.545 -171.6
10.053 15.015 -171.7
12.626 13.228 -171.8
14.724 11.643 -171.7
15.988 10.327 -170.9
16.594 9.1534 -170.0
16.930 8.1892 -169.0
17.042 7.7220 -169.1
17.091 7.6364 -170.5
17.109 7.6321 -171.1
16.898 8.3049 -172.7
16.710 8.9777 -174.3
16.710 8.9777 -174.3
16.199 10.953 -177.8
15.500 12.230 -180.1
14.554 13.078 -181.1
13.325 13.772 -179.9
12.599 14.017 -178.7
12.599 14.017 -178.7
11.671 14.162 -175.3
11.151 13.944 -175.0
10.797 13.524 -174.4
10.389 13.048 -173.9
10.039 12.581 -173.6
9.6678 12.251 -173.2
9.5019 11.994 -173.2
10.429 11.780 -174.4
11.331 11.750 -175.2
11.331 11.750 -175.2
14.150 11.518 -176.6
15.074 11.476 -175.0
15.374 11.484 -173.7
15.782 11.548 -172.0
16.168 11.613 -170.9
16.746 11.600 -170.8
17.230 11.630 -171.3
17.445 11.728 -171.8
17.481 11.767 -172.0
17.481 11.767 -172.0
16.186 12.226 -170.1
15.509 12.358 -168.5
15.302 12.354 -168.0
15.289 12.337 -168.1
15.276 12.320 -168.3
14.769 12.367 -169.3
14.289 12.427 -170.1
14.289 12.427 -170.1
12.173 12.817 -172.4
10.568 13.271 -173.5
9.0626 13.995 -174.5
7.4398 15.324 -176.1
5.6556 17.076 -177.9
3.7010 19.073 -179.8
1.4460 21.250 -181.6
-2.010 24.040 -183.3
-4.032 25.643 -184.1
-4.032 25.643 -184.1
-10.25 28.214 -184.6
-13.57 28.921 -184.1
-15.50 28.780 -183.4
-17.34 28.463 -182.5
-18.51 28.287 -182.1
-19.13 29.067 -183.2
-19.03 30.344 -185.3
-18.38 31.946 -187.8
-17.63 32.774 -189.3
-17.04 32.401 -189.4
-16.37 31.706 -189.0
-15.83 30.789 -188.2
-15.07 29.812 -187.3
-13.89 28.977 -186.7
-12.40 28.343 -186.4
-10.75 27.923 -186.4
-8.976 27.580 -186.6
-7.183 27.250 -186.8
-5.430 26.928 -186.9
-3.758 26.616 -186.9
-2.315 26.251 -186.8
-1.109 25.780 -186.6
-0.266 25.279 -186.1
0.2580 24.781 -185.2
0.3522 24.327 -184.0
0.2535 23.869 -182.6
0.1370 23.423 -181.1
-0.118 23.102 -179.8
-0.432 22.870 -178.9
-0.616 22.677 -178.6
-0.701 22.532 -178.8
-0.544 22.352 -179.3
-0.369 22.253 -180.2
-0.477 22.279 -181.2
-0.692 22.330 -182.3
-0.997 22.215 -183.0
-1.284 21.610 -182.9
-1.346 20.590 -182.4
-1.194 19.211 -181.4
-0.894 17.638 -180.3
-0.333 16.104 -179.1
0.4508 14.788 -178.0
1.4191 13.914 -176.9
2.4861 13.550 -175.9
3.5440 13.563 -175.2
4.5303 13.742 -174.5
5.3462 14.055 -173.9
6.0410 14.351 -173.5
6.3235 14.720 -173.3
6.2249 15.191 -173.7
5.7945 15.799 -174.3
5.0593 16.541 -175.2
4.0327 17.428 -176.2
2.7551 18.478 -177.2
1.5267 19.502 -178.0
0.7198 20.222 -178.5
0.0249 20.736 -178.7
-0.844 21.220 -178.7
-1.660 21.580 -178.6
-2.436 21.850 -178.5
-2.799 21.945 -178.5
-2.754 21.923 -178.6
-2.467 21.790 -178.8
-1.934 21.507 -178.8
-1.189 21.049 -178.8
-0.333 20.496 -178.8
0.6167 19.840 -178.7
1.5760 19.103 -178.4
2.5578 18.401 -178.0
3.8444 18.011 -177.7
4.5034 17.376 -177.0
3.6023 15.937 -176.7
-0.248 13.734 -177.2
-6.883 10.516 -177.8
-15.49 5.7080 -176.8
-24.86 -0.372 -173.4
-33.39 -8.716 -167.2
-38.90 -19.96 -157.3
-40.83 -32.11 -145.5
-39.27 -42.85 -135.0
-36.23 -50.45 -127.3
-33.56 -56.14 -121.4
-50.87 -46.79 -140.9
32.273 -40.50 8.9285
32.273 -40.50 8.9285
33.727 -40.34 8.8865
35.941 -40.09 8.8391
37.078 -40.03 8.8234
37.463 -39.84 8.8654
36.247 -38.04 8.7262
32.936 -33.28 8.2638
28.261 -26.63 7.5677
22.671 -18.90 6.5720
17.072 -10.98 5.4424
12.209 -4.250 4.3469
8.7060 0.6847 3.4694
7.4874 2.5882 3.1358
7.4874 2.5882 3.1358
7.4874 2.5882 3.1358
7.4874 2.5882 3.1358
7.4874 2.5882 3.1358
7.4874 2.5882 3.1358
7.4874 2.5882 3.1358
7.4874 2.5882 3.1358
7.4874 2.5882 3.1358
7.4874 2.5882 3.1358
7.4874 2.5882 3.1358
7.4874 2.5882 3.1358
7.4874 2.5882 3.1358
7.4874 2.5882 3.1358
7.4874 2.5882 3.1358
7.4874 2.5882 3.1358
7.4874 2.5882 3.1358
7.4860 2.5894 3.1384
7.4860 2.5894 3.1384
7.4860 2.5894 3.1384
7.4860 2.5894 3.1384
7.4860 2.5894 3.1384
7.4860 2.5894 3.1384
7.4860 2.5894 3.1384
7.4860 2.5894 3.1384
7.4860 2.5894 3.1384
7.4860 2.5894 3.1384
7.4860 2.5894 3.1384
7.4860 2.5894 3.1384
7.4860 2.5894 3.1384
7.4860 2.5894 3.1384
7.4860 2.5894 3.1384
7.4860 2.5894 3.1384
7.4860 2.5894 3.1384
7.4860 2.5894 3.1384
7.4860 2.5894 3.1384
7.4860 2.5894 3.1384
7.4860 2.5894 3.1384
7.4860 2.5894 3.1384
7.4860 2.5894 3.1384
7.4860 2.5894 3.1384
7.4860 2.5894 3.1384
7.4860 2.5894 3.1384
7.4860 2.5894 3.1384
7.4860 2.5894 3.1384
7.4860 2.5894 3.1384
7.4860 2.5894 3.1384
7.4860 2.5894 3.1384
7.4860 2.5894 3.1384
7.4860 2.5894 3.1384
7.4860 2.5894 3.1384
7.4860 2.5894 3.1384
7.4860 2.5894 3.1384
7.4860 2.5894 3.1384
7.4860 2.5894 3.1384
7.4860 2.5894 3.1384
7.4860 2.5894 3.1384
7.4860 2.5894 3.1384
7.4860 2.5894 3.1384
7.4860 2.5894 3.1384
7.4860 2.5894 3.1384
7.4860 2.5894 3.1384
7.4860 2.5894 3.1384
7.4860 2.5894 3.1384
7.4860 2.5894 3.1384
7.4860 2.5894 3.1384
7.4860 2.5894 3.1384
7.4860 2.5894 3.1384
7.4860 2.5894 3.1384
7.4860 2.5894 3.1384
7.4860 2.5894 3.1384
7.4860 2.5894 3.1384
7.4860 2.5894 3.1384
7.4860 2.5894 3.1384
7.4860 2.5894 3.1384
7.4860 2.5894 3.1384
7.4860 2.5894 3.1384
7.4860 2.5894 3.1384
7.4860 2.5894 3.1384
7.4860 2.5894 3.1384
7.4860 2.5894 3.1384
7.4860 2.5894 3.1384
7.4860 2.5894 3.1384
7.4860 2.5894 3.1384
7.4860 2.5894 3.1384
7.4860 2.5894 3.1384
7.4860 2.5894 3.1384
7.4860 2.5894 3.1384
7.4860 2.5894 3.1384
7.4860 2.5894 3.1384
7.4860 2.5894 3.1384
7.4860 2.5894 3.1384
7.4860 2.5894 3.1384
7.4860 2.5894 3.1384
7.4860 2.5894 3.1384
7.4860 2.5894 3.1384
7.4860 2.5894 3.1384
7.4860 2.5894 3.1384
7.4860 2.5894 3.1384
7.4860 2.5894 3.1384
7.4860 2.5894 3.1384
7.4860 2.5894 3.1384
7.4860 2.5894 3.1384
7.4860 2.5894 3.1384
7.4860 2.5894 3.1384
7.4860 2.5894 3.1384
7.4860 2.5894 3.1384
7.4859 2.5894 3.1384
7.4859 2.5894 3.1384
7.4859 2.5894 3.1384
7.4859 2.5894 3.1384
7.4859 2.5894 3.1384
7.4859 2.5894 3.1384
7.4859 2.5894 3.1384
7.4859 2.5894 3.1384
7.4859 2.5894 3.1384
7.4859 2.5894 3.1384
7.4859 2.5894 3.1384
7.4859 2.5894 3.1384
7.4859 2.5894 3.1384
7.4859 2.5894 3.1384
7.4859 2.5894 3.1384
7.4859 2.5894 3.1384
7.4859 2.5894 3.1384
7.4859 2.5894 3.1384
7.4859 2.5894 3.1384
7.4859 2.5894 3.1384
7.4859 2.5894 3.1384
7.4859 2.5894 3.1384
7.4859 2.5894 3.1384
7.4859 2.5894 3.1384
7.4859 2.5894 3.1384
7.4859 2.5894 3.1384
7.4859 2.5894 3.1384
7.4859 2.5894 3.1384
7.4859 2.5894 3.1384
7.4859 2.5894 3.1384
7.4860 2.5894 3.1384
7.4860 2.5894 3.1384
7.4860 2.5894 3.1384
7.4860 2.5894 3.1384
7.4860 2.5894 3.1384
7.4860 2.5894 3.1384
7.4860 2.5894 3.1384
7.4860 2.5894 3.1384
7.4860 2.5894 3.1384
7.4860 2.5894 3.1384
7.4860 2.5894 3.1384
7.4860 2.5894 3.1384
7.4860 2.5894 3.1384
7.4860 2.5894 3.1384
7.4860 2.5894 3.1384
7.4860 2.5894 3.1384
7.4860 2.5894 3.1384
7.4860 2.5894 3.1384
7.4860 2.5894 3.1384
7.4860 2.5894 3.1384
7.4860 2.5894 3.1384
7.4860 2.5894 3.1384
7.4860 2.5894 3.1384
7.4860 2.5894 3.1384
7.4860 2.5894 3.1384
7.4860 2.5894 3.1384
7.4860 2.5894 3.1384
7.4860 2.5894 3.1384
7.4860 2.5894 3.1384
7.4860 2.5894 3.1384
7.4874 2.5882 3.1358
7.4874 2.5882 3.1358
7.4874 2.5882 3.1358
7.4874 2.5882 3.1358
7.4874 2.5882 3.1358
7.4874 2.5882 3.1358
7.4874 2.5882 3.1358
7.4874 2.5882 3.1358
7.4874 2.5882 3.1358
7.4874 2.5882 3.1358
7.3710 0.3447 2.0613
7.3211 -5.415 -0.665
7.2309 -13.18 -4.422
7.3544 -21.42 -8.362
7.7582 -28.54 -11.40
8.0694 -32.98 -13.04
9.4591 -34.51 -12.22
12.133 -34.74 -9.221
15.229 -33.93 -5.291
18.210 -32.64 -1.051
20.547 -31.91 2.8784
32.273 -40.50 8.9285
31.523 4.2135 50.506
29.805 4.1696 61.686
27.752 2.2754 72.038
25.436 -0.546 81.216
23.361 -3.269 89.321
20.211 -7.008 95.480
14.627 -11.58 101.48
5.1981 -15.55 106.09
-6.977 -20.51 110.76
-19.91 -25.89 118.68
-31.88 -29.94 124.94
-43.28 -36.40 133.37
-50.42 -40.70 139.38
-54.33 -44.10 143.79
-55.65 -45.89 146.19
-56.11 -46.57 147.08
-56.90 -47.78 148.64
-57.64 -48.93 150.11
-58.34 -50.05 151.52
-58.98 -51.11 152.85
-59.58 -52.15 154.11
-60.13 -53.12 155.29
-60.64 -54.08 156.43
-61.12 -54.97 157.48
-61.57 -55.83 158.47
-61.98 -56.62 159.37
-62.36 -57.38 160.23
-62.72 -58.08 161.02
-63.05 -58.76 161.76
-63.35 -59.39 162.44
-63.63 -59.98 163.07
-63.89 -60.51 163.65
-64.14 -61.04 164.20
-64.36 -61.52 164.71
-64.56 -61.98 165.19
-64.75 -62.41 165.64
-64.92 -62.82 166.08
-65.08 -63.20 166.49
-65.23 -63.58 166.91
-65.36 -63.95 167.32
-65.48 -64.31 167.75
-65.59 -64.68 168.19
-65.69 -65.04 168.64
-65.78 -65.42 169.13
-65.86 -65.80 169.65
-65.92 -66.21 170.21
-65.98 -66.67 170.87
-66.04 -67.10 171.50
-66.10 -67.46 171.98
-66.17 -67.78 172.39
-66.25 -68.07 172.74
-66.32 -68.37 173.11
-66.39 -68.68 173.49
-66.46 -68.96 173.85
-66.52 -69.24 174.19
-66.58 -69.52 174.53
-66.63 -69.78 174.85
-66.69 -70.03 175.15
-66.74 -70.26 175.43
-66.78 -70.47 175.69
-66.83 -70.67 175.93
-66.87 -70.86 176.16
-66.90 -71.03 176.37
-66.93 -71.18 176.56
-66.95 -71.30 176.72
-66.97 -71.41 176.86
-66.98 -71.51 176.99
-66.99 -71.59 177.11
-66.99 -71.67 177.22
-67.00 -71.74 177.32
-67.02 -71.83 177.43
-67.03 -71.92 177.54
-67.04 -71.98 177.63
-67.05 -72.01 177.65
-67.05 -72.01 177.65
-67.10 -72.17 177.83
-67.11 -72.30 178.00
-67.16 -72.38 178.04
-67.28 -72.19 177.53
-67.45 -71.66 176.35
-67.62 -71.11 175.18
-67.74 -70.91 174.72
-67.81 -71.03 174.85
-67.85 -71.34 175.27
-67.87 -71.74 175.81
-67.90 -72.08 176.27
-67.95 -72.41 176.70
-68.01 -72.80 177.19
-68.05 -73.09 177.55
-68.07 -73.19 177.67
-68.07 -73.19 177.67
-68.10 -73.35 177.87
-68.16 -73.76 178.39
-68.22 -74.11 178.82
-68.25 -74.33 179.11
-68.28 -74.52 179.33
-68.30 -74.67 179.52
-68.33 -74.82 179.72
-68.35 -74.98 179.91
-68.37 -75.12 180.09
-68.40 -75.26 180.25
-68.42 -75.38 180.40
-68.44 -75.51 180.55
-68.46 -75.65 180.71
-68.48 -75.77 180.86
-68.50 -75.88 180.99
-68.52 -75.96 181.08
-68.52 -75.99 181.11
-68.52 -75.99 181.11
-68.52 -76.01 181.14
-68.53 -76.06 181.21
-68.54 -76.13 181.30
-68.55 -76.20 181.37
-68.55 -76.21 181.40
-68.55 -76.21 181.40
-68.54 -76.21 181.40
-68.51 -76.13 181.34
-68.49 -76.06 181.27
-68.49 -76.06 181.27
-68.35 -75.67 180.95
-68.23 -75.32 180.65
-68.08 -74.90 180.28
-67.89 -74.34 179.80
-67.63 -73.66 179.20
-67.30 -72.94 178.55
-66.86 -72.19 177.83
-66.33 -71.48 177.10
-65.70 -70.80 176.34
-65.01 -70.14 175.58
-64.24 -69.52 174.81
-63.43 -68.94 174.04
-62.57 -68.38 173.26
-61.68 -67.87 172.50
-60.77 -67.38 171.73
-59.86 -66.94 170.99
-58.94 -66.51 170.24
-58.02 -66.11 169.50
-57.12 -65.72 168.77
-56.26 -65.37 168.06
-55.44 -65.02 167.36
-54.65 -64.68 166.66
-53.94 -64.35 165.99
-53.28 -64.02 165.33
-52.72 -63.68 164.68
-52.22 -63.35 164.07
-51.84 -63.00 163.49
-51.54 -62.67 162.94
-51.39 -62.28 162.38
-51.33 -61.83 161.80
-51.28 -61.34 161.18
-51.26 -60.78 160.47
-51.31 -60.12 159.70
-51.37 -59.43 158.89
-51.46 -58.66 158.01
-51.57 -57.86 157.11
-51.71 -57.00 156.16
-51.85 -56.12 155.20
-52.02 -55.21 154.22
-52.19 -54.27 153.23
-52.37 -53.33 152.24
-52.55 -52.38 151.26
-52.74 -51.44 150.31
-52.92 -50.50 149.36
-53.10 -49.58 148.46
-53.28 -48.69 147.60
-53.46 -47.85 146.81
-53.63 -47.05 146.07
-53.79 -46.30 145.42
-53.94 -45.62 144.85
-54.08 -45.04 144.39
-54.20 -44.49 143.99
-54.33 -44.10 143.80
-54.50 -43.85 143.78
-54.70 -43.74 143.90
-54.96 -43.77 144.20
-55.25 -43.93 144.60
-55.54 -44.13 145.02
-55.81 -44.36 145.41
-56.05 -44.55 145.69
-56.23 -44.72 145.87
-56.34 -44.86 145.99
-56.37 -44.90 145.96
-56.34 -44.94 145.89
-56.28 -45.03 145.92
-56.19 -45.08 145.90
-56.01 -45.04 145.65
-55.77 -44.97 145.37
-55.41 -44.78 145.00
-55.01 -44.85 144.89
-54.33 -44.10 143.80
-52.74 -41.40 140.00
-49.29 -36.48 132.46
-43.28 -28.66 120.88
-36.36 -23.16 111.40
-27.41 -16.85 100.30
-16.82 -11.41 91.149
-5.763 -6.564 82.842
5.0599 -2.144 74.252
15.393 1.5781 66.968
24.042 4.6143 60.309
32.095 6.4152 52.492
31.523 4.2135 50.506
