145 frames
21 bones
-1.288 -0.012 45.498
-1.089 -0.273 45.967
-0.772 -0.742 46.713
-0.565 -1.090 47.193
-0.456 -1.438 47.389
-0.456 -1.820 47.275
-0.510 -2.219 46.869
-0.589 -2.613 46.279
-0.729 -2.992 45.303
-0.956 -3.352 43.834
-1.218 -3.684 42.131
-1.483 -4.000 40.424
-1.710 -4.285 38.967
-1.866 -4.539 38.041
-1.948 -4.750 37.510
-1.991 -4.922 37.158
-2.014 -5.043 37.076
-1.995 -5.117 37.119
-1.913 -5.160 37.420
-1.807 -5.199 37.912
-1.639 -5.215 38.830
-1.401 -5.168 40.306
-1.116 -5.012 42.103
-0.796 -4.817 44.025
-0.557 -4.512 45.709
-0.417 -3.953 46.904
-0.354 -3.606 47.334
-0.354 -3.606 47.334
-0.268 -2.527 47.940
-0.260 -1.895 47.924
-0.327 -1.441 47.615
-0.432 -0.918 47.100
-0.620 -0.441 46.131
-0.917 -0.016 44.568
-1.264 0.3550 42.713
-1.616 0.6987 40.842
-1.917 0.9956 39.244
-2.112 1.2769 38.248
-2.225 1.5074 37.685
-2.300 1.7222 37.314
-2.315 1.8160 37.236
-2.311 1.8042 37.342
-2.280 1.7417 37.752
-2.221 1.6128 38.369
-2.112 1.3902 39.326
-1.944 1.0972 40.627
-1.737 0.7495 42.178
-1.522 0.3745 43.959
-1.288 -0.012 45.498
-0.960 -0.488 46.439
-0.772 -0.742 46.713
-0.772 -0.742 46.713
-0.456 -1.438 47.389
-0.464 -1.863 47.275
-0.510 -2.219 46.869
-0.589 -2.613 46.279
-0.729 -2.992 45.303
-0.956 -3.352 43.834
-1.218 -3.684 42.131
-1.483 -4.000 40.424
-1.710 -4.285 38.967
-1.866 -4.539 38.041
-1.948 -4.750 37.510
-1.991 -4.922 37.158
-2.014 -5.043 37.076
-1.995 -5.117 37.119
-1.913 -5.160 37.420
-1.807 -5.199 37.912
-1.639 -5.215 38.830
-1.401 -5.168 40.306
-1.116 -5.012 42.103
-0.796 -4.817 44.025
-0.557 -4.512 45.709
-0.417 -3.953 46.904
-0.354 -3.606 47.334
-0.354 -3.606 47.334
-0.268 -2.527 47.940
-0.260 -1.895 47.924
-0.327 -1.441 47.615
-0.432 -0.918 47.100
-0.620 -0.441 46.131
-0.917 -0.016 44.568
-1.264 0.3550 42.713
-1.616 0.6987 40.842
-1.917 0.9956 39.244
-2.112 1.2769 38.248
-2.225 1.5074 37.685
-2.300 1.7222 37.314
-2.315 1.8160 37.236
-2.311 1.8042 37.342
-2.280 1.7417 37.752
-2.221 1.6128 38.369
-2.112 1.3902 39.326
-1.944 1.0972 40.627
-1.737 0.7495 42.178
-1.522 0.3745 43.959
-1.288 -0.012 45.498
-1.018 -0.383 46.299
-0.772 -0.742 46.713
-0.565 -1.090 47.193
-0.456 -1.438 47.389
-0.456 -1.820 47.275
-0.510 -2.219 46.869
-0.589 -2.613 46.279
-0.729 -2.992 45.303
-0.956 -3.352 43.834
-1.218 -3.684 42.131
-1.483 -4.000 40.424
-1.710 -4.285 38.967
-1.866 -4.539 38.041
-1.948 -4.750 37.510
-1.991 -4.922 37.158
-2.014 -5.043 37.076
-1.995 -5.117 37.119
-1.913 -5.160 37.420
-1.807 -5.199 37.912
-1.639 -5.215 38.830
-1.401 -5.168 40.306
-1.116 -5.012 42.103
-0.796 -4.817 44.025
-0.557 -4.512 45.709
-0.417 -3.953 46.904
-0.354 -3.606 47.334
-0.354 -3.606 47.334
-0.268 -2.527 47.940
-0.260 -1.895 47.924
-0.327 -1.441 47.615
-0.432 -0.918 47.100
-0.620 -0.441 46.131
-0.917 -0.016 44.568
-1.264 0.3550 42.713
-1.616 0.6987 40.842
-1.917 0.9956 39.244
-2.112 1.2769 38.248
-2.225 1.5074 37.685
-2.300 1.7222 37.314
-2.315 1.8160 37.236
-2.311 1.8042 37.342
-2.280 1.7417 37.752
-2.221 1.6128 38.369
-2.112 1.3902 39.326
-1.944 1.0972 40.627
-1.737 0.7495 42.178
-1.452 0.2651 44.291
-1.288 -0.012 45.498
4.9321 2.9589 97.103
1.3575 0.9625 98.609
-2.715 3.3647 100.03
-4.423 9.8092 100.48
-9.937 4.0448 101.92
-13.54 2.9589 101.52
-16.59 4.3300 99.754
-19.58 5.0046 97.747
-21.93 5.7670 95.483
-23.47 6.7927 93.388
-24.36 7.7744 91.391
-24.96 8.8055 89.492
-25.28 9.6666 87.583
-25.62 10.428 85.564
-25.77 10.747 84.615
-25.78 10.719 84.113
-25.79 10.505 83.197
-25.95 9.5185 83.671
-26.21 7.6372 85.788
-26.36 5.5367 88.041
-26.36 3.0960 90.753
-26.25 0.5511 93.551
-25.79 -2.037 96.432
-24.85 -4.406 99.383
-23.47 -6.540 101.80
-20.31 -7.961 103.04
-18.16 -7.999 103.18
-18.16 -7.999 103.18
-11.65 -8.081 101.65
-9.238 -8.147 100.88
-5.104 -8.147 99.416
-1.814 -8.323 98.205
1.4821 -8.569 96.770
4.7379 -8.953 95.008
7.9095 -9.480 93.055
10.869 -10.04 91.118
13.522 -10.68 89.181
15.974 -11.19 87.228
17.955 -11.53 85.559
19.561 -11.58 84.179
20.483 -11.19 83.595
20.581 -10.13 84.042
19.784 -8.498 85.510
18.587 -6.688 87.272
16.699 -4.653 89.105
14.229 -2.503 90.736
11.318 -0.375 93.000
8.1472 1.6151 94.522
4.9321 2.9589 97.103
0.0703 2.8053 99.962
-2.712 3.3593 100.03
-2.712 3.3593 100.03
-9.934 4.0503 101.92
-14.10 2.5969 101.60
-16.59 4.3300 99.754
-19.58 5.0046 97.747
-21.93 5.7670 95.483
-23.47 6.7927 93.388
-24.36 7.7744 91.391
-24.96 8.8055 89.492
-25.28 9.6666 87.583
-25.62 10.428 85.564
-25.77 10.747 84.615
-25.78 10.719 84.113
-25.79 10.505 83.197
-25.95 9.5185 83.671
-26.21 7.6372 85.788
-26.36 5.5367 88.041
-26.36 3.0960 90.753
-26.25 0.5511 93.551
-25.79 -2.037 96.432
-24.85 -4.406 99.383
-23.47 -6.540 101.80
-20.31 -7.961 103.04
-18.16 -7.999 103.18
-18.16 -7.999 103.18
-11.65 -8.081 101.65
-9.238 -8.147 100.88
-5.104 -8.147 99.416
-1.814 -8.323 98.205
1.4821 -8.569 96.770
4.7379 -8.953 95.008
7.9095 -9.480 93.055
10.869 -10.04 91.118
13.522 -10.68 89.181
15.974 -11.19 87.228
17.955 -11.53 85.559
19.561 -11.58 84.179
20.483 -11.19 83.595
20.581 -10.13 84.042
19.784 -8.498 85.510
18.587 -6.688 87.272
16.699 -4.653 89.105
14.229 -2.503 90.736
11.318 -0.375 93.000
8.1472 1.6151 94.522
4.9321 2.9589 97.103
0.7196 1.5822 99.951
-2.715 3.3647 100.03
-4.423 9.8092 100.48
-9.937 4.0448 101.92
-13.54 2.9589 101.52
-16.59 4.3300 99.754
-19.58 5.0046 97.747
-21.93 5.7670 95.483
-23.47 6.7927 93.388
-24.36 7.7744 91.391
-24.96 8.8055 89.492
-25.28 9.6666 87.583
-25.62 10.428 85.564
-25.77 10.747 84.615
-25.78 10.719 84.113
-25.79 10.505 83.197
-25.95 9.5185 83.671
-26.21 7.6372 85.788
-26.36 5.5367 88.041
-26.36 3.0960 90.753
-26.25 0.5511 93.551
-25.79 -2.037 96.432
-24.85 -4.406 99.383
-23.47 -6.540 101.80
-20.31 -7.961 103.04
-18.16 -7.999 103.18
-18.16 -7.999 103.18
-11.65 -8.081 101.65
-9.238 -8.147 100.88
-5.104 -8.147 99.416
-1.814 -8.323 98.205
1.4821 -8.569 96.770
4.7379 -8.953 95.008
7.9095 -9.480 93.055
10.869 -10.04 91.118
13.522 -10.68 89.181
15.974 -11.19 87.228
17.955 -11.53 85.559
19.561 -11.58 84.179
20.483 -11.19 83.595
20.581 -10.13 84.042
19.784 -8.498 85.510
18.587 -6.688 87.272
16.699 -4.653 89.105
14.229 -2.503 90.736
11.318 -0.375 93.000
7.2369 1.7906 95.903
4.9321 2.9589 97.103
-34.83 -143.1 -23.52
-36.65 -141.8 -24.71
-39.26 -137.8 -28.76
-40.22 -131.1 -35.76
-36.99 -121.2 -44.65
-27.40 -110.4 -52.11
-16.90 -101.8 -57.08
-14.60 -102.4 -58.35
-12.93 -103.1 -58.60
-10.23 -102.1 -58.30
-8.725 -101.3 -57.96
-10.65 -103.1 -57.64
-13.60 -106.2 -57.13
-14.76 -108.1 -56.93
-15.09 -109.4 -56.98
-15.31 -109.9 -57.22
-15.35 -110.0 -57.73
-15.46 -109.4 -58.60
-16.18 -108.4 -59.84
-17.91 -107.6 -61.15
-20.19 -106.9 -62.65
-21.58 -106.2 -64.80
-23.91 -105.5 -66.24
-29.97 -106.3 -66.42
-38.04 -109.0 -65.97
-46.83 -113.2 -61.50
-51.50 -116.1 -57.23
-51.50 -116.1 -57.23
-50.77 -121.7 -48.67
-48.97 -126.9 -40.20
-47.63 -133.1 -31.84
-46.84 -142.4 -22.13
-47.82 -153.3 -13.23
-50.65 -170.6 -4.326
-51.98 -181.7 -3.337
-54.06 -180.5 -12.72
-55.39 -176.2 -23.47
-53.49 -170.0 -31.39
-50.13 -163.8 -36.70
-47.13 -158.1 -41.31
-45.41 -155.5 -43.20
-45.31 -156.0 -42.68
-45.78 -158.7 -39.80
-48.23 -165.5 -32.38
-50.10 -170.4 -24.55
-47.50 -170.3 -19.53
-43.15 -166.9 -16.43
-39.27 -154.5 -20.64
-34.83 -143.1 -23.52
-36.76 -139.8 -26.55
-39.25 -137.8 -28.75
-39.25 -137.8 -28.75
-37.00 -121.2 -44.65
-27.40 -110.4 -52.11
-16.90 -101.8 -57.08
-14.60 -102.4 -58.35
-12.93 -103.1 -58.60
-10.23 -102.1 -58.30
-8.725 -101.3 -57.96
-10.65 -103.1 -57.64
-13.60 -106.2 -57.13
-14.76 -108.1 -56.93
-15.09 -109.4 -56.98
-15.31 -109.9 -57.22
-15.35 -110.0 -57.73
-15.46 -109.4 -58.60
-16.18 -108.4 -59.84
-17.91 -107.6 -61.15
-20.19 -106.9 -62.65
-21.58 -106.2 -64.80
-23.91 -105.5 -66.24
-29.97 -106.3 -66.42
-38.04 -109.0 -65.97
-46.83 -113.2 -61.50
-51.50 -116.1 -57.23
-51.50 -116.1 -57.23
-50.77 -121.7 -48.67
-48.97 -126.9 -40.20
-47.63 -133.1 -31.84
-46.84 -142.4 -22.13
-47.82 -153.3 -13.23
-50.65 -170.6 -4.326
-51.98 -181.7 -3.337
-54.06 -180.5 -12.72
-55.39 -176.2 -23.47
-53.49 -170.0 -31.39
-50.13 -163.8 -36.70
-47.13 -158.1 -41.31
-45.41 -155.5 -43.20
-45.31 -156.0 -42.68
-45.78 -158.7 -39.80
-48.23 -165.5 -32.38
-50.10 -170.4 -24.55
-47.50 -170.3 -19.53
-43.15 -166.9 -16.43
-39.27 -154.5 -20.64
-34.83 -143.1 -23.52
-36.35 -141.0 -25.19
-39.26 -137.8 -28.76
-40.22 -131.1 -35.76
-36.99 -121.2 -44.65
-27.40 -110.4 -52.11
-16.90 -101.8 -57.08
-14.60 -102.4 -58.35
-12.93 -103.1 -58.60
-10.23 -102.1 -58.30
-8.725 -101.3 -57.96
-10.65 -103.1 -57.64
-13.60 -106.2 -57.13
-14.76 -108.1 -56.93
-15.09 -109.4 -56.98
-15.31 -109.9 -57.22
-15.35 -110.0 -57.73
-15.46 -109.4 -58.60
-16.18 -108.4 -59.84
-17.91 -107.6 -61.15
-20.19 -106.9 -62.65
-21.58 -106.2 -64.80
-23.91 -105.5 -66.24
-29.97 -106.3 -66.42
-38.04 -109.0 -65.97
-46.83 -113.2 -61.50
-51.50 -116.1 -57.23
-51.50 -116.1 -57.23
-50.77 -121.7 -48.67
-48.97 -126.9 -40.20
-47.63 -133.1 -31.84
-46.84 -142.4 -22.13
-47.82 -153.3 -13.23
-50.65 -170.6 -4.326
-51.98 -181.7 -3.337
-54.06 -180.5 -12.72
-55.39 -176.2 -23.47
-53.49 -170.0 -31.39
-50.13 -163.8 -36.70
-47.13 -158.1 -41.31
-45.41 -155.5 -43.20
-45.31 -156.0 -42.68
-45.78 -158.7 -39.80
-48.23 -165.5 -32.38
-50.10 -170.4 -24.55
-47.50 -170.3 -19.53
-43.15 -166.9 -16.43
-39.27 -154.5 -20.64
-34.83 -143.1 -23.52
-7.380 68.454 2.9154
-7.332 68.020 2.9319
-6.981 64.976 3.0432
-6.188 59.121 3.2546
-4.662 45.895 3.1874
-1.743 21.477 1.8277
0.3469 -2.952 -0.613
0.3469 -2.952 -0.613
0.3469 -2.952 -0.613
0.3469 -2.952 -0.613
0.3469 -2.952 -0.613
-0.236 4.3376 0.2986
-1.249 16.153 1.5181
-1.951 23.080 2.0969
-2.495 27.794 2.4348
-2.861 30.953 2.6285
-2.959 31.824 2.6744
-2.879 31.114 2.6346
-2.638 28.985 2.5082
-2.313 26.133 2.3235
-2.026 23.598 2.1429
-1.710 20.659 1.9123
-1.535 18.992 1.7722
-2.618 28.963 2.4842
-3.808 38.928 2.9985
-5.951 55.836 3.1537
-7.084 65.890 3.0130
-7.084 65.890 3.0130
-7.983 73.869 2.6538
-8.291 76.841 2.4904
-8.432 78.137 2.4018
-8.727 81.063 2.1999
-8.885 82.696 2.0818
-8.838 82.200 2.1175
-8.497 78.753 2.3600
-6.786 63.507 3.0295
-4.963 48.344 3.2210
-3.479 36.138 2.9024
-2.377 26.771 2.3682
-1.778 21.332 1.9583
-1.222 15.892 1.4934
-1.309 17.228 1.6335
-2.046 23.777 2.1553
-3.617 36.581 2.8777
-5.359 51.561 3.2437
-6.720 62.878 3.0727
-8.020 74.231 2.6353
-7.783 72.021 2.7472
-7.380 68.454 2.9154
-7.104 66.042 3.0082
-6.981 64.985 3.0425
-6.981 64.985 3.0425
-4.663 45.905 3.1874
-1.743 21.477 1.8277
0.3469 -2.952 -0.613
0.3469 -2.952 -0.613
0.3469 -2.952 -0.613
0.3469 -2.952 -0.613
0.3469 -2.952 -0.613
-0.236 4.3376 0.2986
-1.249 16.153 1.5181
-1.951 23.080 2.0969
-2.495 27.794 2.4348
-2.861 30.953 2.6285
-2.960 31.824 2.6744
-2.879 31.114 2.6346
-2.638 28.985 2.5082
-2.313 26.133 2.3235
-2.025 23.598 2.1429
-1.710 20.656 1.9123
-1.535 18.992 1.7722
-2.618 28.963 2.4842
-3.808 38.928 2.9985
-5.951 55.836 3.1537
-7.084 65.890 3.0130
-7.084 65.890 3.0130
-7.984 73.869 2.6538
-8.291 76.841 2.4904
-8.432 78.137 2.4018
-8.727 81.063 2.1999
-8.884 82.696 2.0818
-8.838 82.200 2.1175
-8.497 78.753 2.3600
-6.786 63.507 3.0295
-4.963 48.344 3.2210
-3.479 36.138 2.9024
-2.377 26.771 2.3682
-1.778 21.332 1.9583
-1.222 15.892 1.4934
-1.309 17.228 1.6335
-2.046 23.777 2.1553
-3.617 36.581 2.8777
-5.359 51.561 3.2437
-6.720 62.878 3.0727
-8.020 74.231 2.6353
-7.783 72.021 2.7472
-7.380 68.454 2.9154
-7.253 67.344 2.9608
-6.981 64.976 3.0432
-6.188 59.121 3.2546
-4.662 45.895 3.1874
-1.743 21.477 1.8277
0.3469 -2.952 -0.613
0.3469 -2.952 -0.613
0.3469 -2.952 -0.613
0.3469 -2.952 -0.613
0.3469 -2.952 -0.613
-0.236 4.3376 0.2986
-1.249 16.153 1.5181
-1.951 23.080 2.0969
-2.495 27.794 2.4348
-2.861 30.953 2.6285
-2.960 31.824 2.6744
-2.879 31.114 2.6346
-2.638 28.985 2.5082
-2.313 26.133 2.3235
-2.025 23.598 2.1429
-1.710 20.659 1.9123
-1.535 18.992 1.7722
-2.618 28.963 2.4842
-3.808 38.928 2.9985
-5.951 55.836 3.1537
-7.084 65.890 3.0130
-7.084 65.890 3.0130
-7.984 73.869 2.6538
-8.291 76.841 2.4904
-8.432 78.137 2.4018
-8.727 81.063 2.1999
-8.885 82.696 2.0818
-8.838 82.200 2.1175
-8.497 78.753 2.3600
-6.786 63.507 3.0295
-4.963 48.344 3.2210
-3.479 36.138 2.9024
-2.377 26.771 2.3682
-1.778 21.332 1.9583
-1.222 15.892 1.4934
-1.309 17.228 1.6335
-2.046 23.777 2.1553
-3.617 36.581 2.8777
-5.359 51.561 3.2437
-6.720 62.878 3.0727
-8.020 74.231 2.6353
-7.710 71.346 2.7781
-7.380 68.454 2.9154
-27.10 -20.57 -12.73
-25.47 -24.94 -12.42
-21.98 -32.55 -10.79
-18.50 -39.41 -7.985
-14.93 -43.11 -6.169
-11.64 -36.06 -4.503
-8.083 -26.29 -4.103
-5.785 -23.32 -5.433
-3.745 -23.34 -6.051
-1.387 -28.08 -8.159
0.4659 -37.92 -11.65
1.8801 -49.56 -14.95
2.5944 -61.26 -18.46
2.6138 -67.71 -20.53
2.4183 -71.11 -21.78
2.5217 -73.17 -22.79
2.5395 -73.46 -23.09
2.5686 -73.16 -23.09
2.7916 -71.04 -23.10
3.5351 -66.89 -22.56
4.4385 -60.62 -21.03
5.2951 -50.41 -18.18
6.2745 -44.17 -16.28
6.4669 -44.48 -16.36
6.5202 -46.47 -16.92
6.9970 -52.01 -18.93
7.4673 -55.79 -20.46
7.4673 -55.79 -20.46
2.7706 -54.91 -11.07
-1.930 -48.79 -4.394
-4.691 -43.76 -2.011
-5.914 -47.15 -3.689
-6.318 -52.22 -4.615
-3.561 -54.18 -3.011
2.7544 -54.59 -1.625
11.443 -51.36 -2.445
17.980 -48.39 -3.958
19.234 -48.37 -8.371
19.674 -48.39 -15.12
20.379 -48.71 -17.95
20.948 -50.53 -19.57
21.707 -56.17 -21.68
22.478 -63.46 -20.48
22.842 -69.64 -16.14
21.371 -72.93 -11.32
13.762 -63.23 -8.375
1.8720 -44.68 -7.380
-12.89 -33.31 -8.407
-27.10 -20.57 -12.73
-24.65 -26.68 -11.75
-21.99 -32.54 -10.80
-21.99 -32.54 -10.80
-14.94 -43.10 -6.171
-11.04 -36.16 -4.349
-8.083 -26.29 -4.103
-5.785 -23.32 -5.433
-3.745 -23.34 -6.051
-1.387 -28.08 -8.159
0.4659 -37.92 -11.65
1.8801 -49.56 -14.95
2.5944 -61.26 -18.46
2.6138 -67.71 -20.53
2.4183 -71.11 -21.78
2.5217 -73.17 -22.79
2.5395 -73.46 -23.09
2.5686 -73.16 -23.09
2.7916 -71.04 -23.10
3.5351 -66.89 -22.56
4.4385 -60.62 -21.03
5.2951 -50.41 -18.18
6.2745 -44.17 -16.28
6.4669 -44.48 -16.36
6.5202 -46.47 -16.92
6.9970 -52.01 -18.93
7.4673 -55.79 -20.46
7.4673 -55.79 -20.46
2.7706 -54.91 -11.07
-1.930 -48.79 -4.394
-4.691 -43.76 -2.011
-5.914 -47.15 -3.689
-6.318 -52.22 -4.615
-3.561 -54.18 -3.011
2.7544 -54.59 -1.625
11.443 -51.36 -2.445
17.980 -48.39 -3.958
19.234 -48.37 -8.371
19.674 -48.39 -15.12
20.379 -48.71 -17.95
20.948 -50.53 -19.57
21.707 -56.17 -21.68
22.478 -63.46 -20.48
22.842 -69.64 -16.14
21.371 -72.93 -11.32
13.762 -63.23 -8.375
1.8720 -44.68 -7.380
-12.89 -33.31 -8.407
-27.10 -20.57 -12.73
-25.47 -24.94 -12.42
-21.98 -32.55 -10.79
-18.50 -39.41 -7.985
-14.93 -43.11 -6.169
-11.64 -36.06 -4.503
-8.083 -26.29 -4.103
-5.785 -23.32 -5.433
-3.745 -23.34 -6.051
-1.387 -28.08 -8.159
0.4659 -37.92 -11.65
1.8801 -49.56 -14.95
2.5944 -61.26 -18.46
2.6138 -67.71 -20.53
2.4183 -71.11 -21.78
2.5217 -73.17 -22.79
2.5395 -73.46 -23.09
2.5686 -73.16 -23.09
2.7916 -71.04 -23.10
3.5351 -66.89 -22.56
4.4385 -60.62 -21.03
5.2951 -50.41 -18.18
6.2745 -44.17 -16.28
6.4669 -44.48 -16.36
6.5202 -46.47 -16.92
6.9970 -52.01 -18.93
7.4673 -55.79 -20.46
7.4673 -55.79 -20.46
2.7706 -54.91 -11.07
-1.930 -48.79 -4.394
-4.691 -43.76 -2.011
-5.914 -47.15 -3.689
-6.318 -52.22 -4.615
-3.561 -54.18 -3.011
2.7544 -54.59 -1.625
11.443 -51.36 -2.445
17.980 -48.39 -3.958
19.234 -48.37 -8.371
19.674 -48.39 -15.12
20.379 -48.71 -17.95
20.948 -50.53 -19.57
21.707 -56.17 -21.68
22.478 -63.46 -20.48
22.842 -69.64 -16.14
21.371 -72.93 -11.32
13.762 -63.23 -8.375
1.8720 -44.68 -7.380
-12.89 -33.31 -8.407
-27.10 -20.57 -12.73
-43.37 -77.41 -135.2
-46.17 -79.24 -135.7
-52.61 -79.66 -138.4
-60.41 -73.65 -145.7
-66.98 -57.46 -160.7
-68.18 -31.03 -182.8
-64.99 -10.72 -197.8
-61.80 -2.726 -200.6
-59.92 -1.625 -197.3
-59.21 -1.424 -193.8
-58.57 -1.863 -191.7
-57.63 -6.207 -188.9
-57.05 -15.76 -183.0
-56.14 -31.41 -172.7
-54.29 -40.81 -167.8
-53.63 -40.79 -169.6
-53.22 -40.69 -170.2
-53.09 -32.74 -176.4
-51.98 -19.70 -186.6
-49.95 -10.11 -193.6
-48.26 -6.022 -196.4
-47.05 -6.725 -197.6
-46.34 -7.270 -200.9
-47.91 -13.16 -199.8
-50.60 -25.62 -192.5
-53.17 -42.47 -179.9
-53.65 -53.11 -171.4
-53.65 -53.11 -171.4
-45.44 -82.02 -148.0
-35.26 -93.35 -141.4
-24.39 -102.1 -137.8
-17.67 -105.0 -137.7
-13.16 -104.2 -138.7
-9.730 -102.6 -139.9
-7.485 -99.49 -140.9
-9.130 -92.84 -141.5
-12.32 -84.79 -142.8
-12.64 -79.78 -143.5
-11.62 -77.09 -143.2
-10.11 -75.50 -142.6
-9.095 -75.32 -142.0
-8.458 -76.74 -141.1
-7.998 -79.37 -139.6
-7.127 -82.89 -137.6
-7.396 -86.14 -136.3
-9.145 -88.08 -134.9
-12.98 -89.68 -132.0
-28.25 -84.23 -132.5
-43.37 -77.41 -135.2
-50.43 -77.90 -137.4
-52.59 -79.66 -138.4
-52.59 -79.66 -138.4
-66.97 -57.48 -160.6
-68.18 -27.67 -185.8
-64.99 -10.72 -197.8
-61.80 -2.726 -200.6
-59.92 -1.625 -197.3
-59.21 -1.424 -193.8
-58.57 -1.863 -191.7
-57.63 -6.207 -188.9
-57.05 -15.76 -183.0
-56.14 -31.41 -172.7
-54.29 -40.81 -167.8
-53.63 -40.79 -169.6
-53.22 -40.69 -170.2
-53.09 -32.74 -176.4
-51.98 -19.70 -186.6
-49.95 -10.11 -193.6
-48.26 -6.022 -196.4
-47.05 -6.725 -197.6
-46.34 -7.270 -200.9
-47.91 -13.16 -199.8
-50.60 -25.62 -192.5
-53.17 -42.47 -179.9
-53.65 -53.11 -171.4
-53.65 -53.11 -171.4
-45.44 -82.02 -148.0
-35.26 -93.35 -141.4
-24.39 -102.1 -137.8
-17.67 -105.0 -137.7
-13.16 -104.2 -138.7
-9.730 -102.6 -139.9
-7.485 -99.49 -140.9
-9.130 -92.84 -141.5
-12.32 -84.79 -142.8
-12.64 -79.78 -143.5
-11.62 -77.09 -143.2
-10.11 -75.50 -142.6
-9.095 -75.32 -142.0
-8.458 -76.74 -141.1
-7.998 -79.37 -139.6
-7.127 -82.89 -137.6
-7.396 -86.14 -136.3
-9.145 -88.08 -134.9
-12.98 -89.68 -132.0
-28.25 -84.23 -132.5
-43.37 -77.41 -135.2
-48.61 -78.75 -136.1
-52.61 -79.66 -138.4
-60.41 -73.65 -145.7
-66.98 -57.46 -160.7
-68.18 -31.03 -182.8
-64.99 -10.72 -197.8
-61.80 -2.726 -200.6
-59.92 -1.625 -197.3
-59.21 -1.424 -193.8
-58.57 -1.863 -191.7
-57.63 -6.207 -188.9
-57.05 -15.76 -183.0
-56.14 -31.41 -172.7
-54.29 -40.81 -167.8
-53.63 -40.79 -169.6
-53.22 -40.69 -170.2
-53.09 -32.74 -176.4
-51.98 -19.70 -186.6
-49.95 -10.11 -193.6
-48.26 -6.022 -196.4
-47.05 -6.725 -197.6
-46.34 -7.270 -200.9
-47.91 -13.16 -199.8
-50.60 -25.62 -192.5
-53.17 -42.47 -179.9
-53.65 -53.11 -171.4
-53.65 -53.11 -171.4
-45.44 -82.02 -148.0
-35.26 -93.35 -141.4
-24.39 -102.1 -137.8
-17.67 -105.0 -137.7
-13.16 -104.2 -138.7
-9.730 -102.6 -139.9
-7.485 -99.49 -140.9
-9.130 -92.84 -141.5
-12.32 -84.79 -142.8
-12.64 -79.78 -143.5
-11.62 -77.09 -143.2
-10.11 -75.50 -142.6
-9.095 -75.32 -142.0
-8.458 -76.74 -141.1
-7.998 -79.37 -139.6
-7.127 -82.89 -137.6
-7.396 -86.14 -136.3
-9.145 -88.08 -134.9
-12.98 -89.68 -132.0
-28.25 -84.23 -132.5
-43.37 -77.41 -135.2
-0.959 63.033 -8.581
-0.888 64.595 -8.759
-0.591 69.301 -9.307
-0.017 77.135 -10.14
0.5631 84.536 -10.80
0.8364 87.707 -11.04
0.8755 88.160 -11.08
0.4024 82.591 -10.62
-0.438 71.636 -9.568
-1.001 62.139 -8.476
-1.435 51.286 -7.069
-1.627 38.390 -5.215
-1.401 25.518 -3.368
-0.497 7.8152 -0.958
0.3496 -2.041 0.5286
0.3509 -2.069 0.5299
0.3503 -2.073 0.5279
-0.721 11.095 -1.234
-1.363 24.292 -3.194
-1.586 38.249 -5.293
-1.436 51.352 -7.077
-1.042 61.631 -8.381
-0.422 71.879 -9.591
-0.099 76.358 -10.04
-0.041 77.077 -10.12
-0.227 74.519 -9.869
-0.413 71.972 -9.597
-0.413 71.972 -9.597
-1.346 54.125 -7.451
-1.622 33.711 -4.473
-0.844 13.353 -1.590
0 1.5158 0.0245
0.3241 -2.108 0.4867
0.3296 -2.108 0.4887
0.3303 -2.104 0.5018
-0.723 10.970 -1.231
-1.357 24.077 -3.158
-1.557 31.989 -4.302
-1.594 34.520 -4.696
-1.593 34.469 -4.689
-1.589 34.117 -4.640
-1.550 31.419 -4.243
-1.428 26.221 -3.477
-1.159 19.230 -2.463
-0.943 15.059 -1.833
-0.959 15.333 -1.875
-1.064 17.242 -2.161
-1.661 40.140 -5.382
-0.959 63.033 -8.581
-0.638 68.512 -9.222
-0.592 69.289 -9.306
-0.592 69.289 -9.306
0.5631 84.536 -10.80
0.8364 87.707 -11.05
0.8755 88.160 -11.08
0.4024 82.591 -10.62
-0.438 71.636 -9.568
-1.001 62.139 -8.476
-1.435 51.286 -7.069
-1.627 38.390 -5.215
-1.401 25.518 -3.368
-0.497 7.8152 -0.958
0.3496 -2.041 0.5286
0.3509 -2.069 0.5299
0.3503 -2.073 0.5279
-0.721 11.095 -1.234
-1.363 24.292 -3.194
-1.586 38.249 -5.293
-1.436 51.352 -7.077
-1.042 61.631 -8.381
-0.422 71.879 -9.591
-0.099 76.358 -10.04
-0.041 77.077 -10.12
-0.227 74.519 -9.869
-0.413 71.972 -9.597
-0.413 71.972 -9.597
-1.346 54.125 -7.451
-1.622 33.711 -4.473
-0.844 13.353 -1.590
0 1.5158 0.0245
0.3241 -2.108 0.4867
0.3296 -2.108 0.4887
0.3303 -2.104 0.5018
-0.723 10.970 -1.231
-1.357 24.077 -3.158
-1.557 31.989 -4.302
-1.594 34.520 -4.696
-1.593 34.469 -4.689
-1.589 34.117 -4.640
-1.550 31.419 -4.243
-1.428 26.221 -3.477
-1.159 19.230 -2.463
-0.943 15.059 -1.833
-0.959 15.333 -1.875
-1.065 17.242 -2.161
-1.661 40.140 -5.382
-0.959 63.033 -8.581
-0.751 66.938 -9.033
-0.591 69.301 -9.307
-0.017 77.135 -10.14
0.5631 84.536 -10.80
0.8364 87.707 -11.04
0.8755 88.160 -11.08
0.4024 82.591 -10.62
-0.438 71.636 -9.568
-1.001 62.139 -8.476
-1.435 51.286 -7.069
-1.627 38.390 -5.216
-1.401 25.518 -3.368
-0.497 7.8152 -0.958
0.3496 -2.041 0.5286
0.3509 -2.073 0.5299
0.3503 -2.073 0.5279
-0.721 11.095 -1.234
-1.363 24.292 -3.194
-1.586 38.249 -5.293
-1.436 51.352 -7.077
-1.042 61.631 -8.381
-0.422 71.879 -9.591
-0.099 76.358 -10.04
-0.041 77.077 -10.12
-0.227 74.519 -9.869
-0.413 71.972 -9.597
-0.413 71.972 -9.597
-1.346 54.125 -7.451
-1.622 33.711 -4.473
-0.844 13.353 -1.590
0 1.5158 0.0245
0.3241 -2.108 0.4867
0.3296 -2.108 0.4887
0.3303 -2.104 0.5018
-0.723 10.970 -1.231
-1.357 24.077 -3.158
-1.557 31.989 -4.302
-1.594 34.520 -4.696
-1.593 34.469 -4.689
-1.589 34.117 -4.640
-1.550 31.419 -4.243
-1.428 26.221 -3.477
-1.159 19.230 -2.463
-0.943 15.059 -1.833
-0.959 15.333 -1.875
-1.065 17.242 -2.161
-1.661 40.140 -5.382
-0.959 63.033 -8.581
10.091 -38.92 28.354
9.0553 -42.52 23.768
5.8581 -49.88 15.698
-0.012 -58.89 8.5754
-4.824 -64.35 4.9244
-6.265 -63.90 5.2090
-7.103 -61.73 6.2059
-7.354 -57.37 8.3143
-6.262 -54.11 11.471
-4.398 -55.32 15.234
-1.422 -57.34 19.242
3.2848 -57.97 23.613
7.8157 -57.53 25.986
9.7831 -52.71 26.533
9.8261 -48.49 26.239
9.8789 -48.68 24.708
10.245 -50.02 22.623
11.050 -56.39 19.812
11.648 -64.90 16.123
11.707 -70.21 12.275
11.608 -72.24 9.4611
10.880 -58.54 11.286
7.8602 -35.46 13.592
4.3578 -21.40 13.331
1.0252 -7.399 12.231
0.2561 -13.73 13.021
-0.453 -20.07 13.612
-0.453 -20.07 13.612
-3.248 -25.11 17.118
-4.101 -20.82 20.082
-4.332 -16.29 22.765
-2.822 -16.73 25.803
-0.064 -20.86 28.684
4.0969 -29.29 30.732
8.3950 -40.01 31.948
10.903 -50.11 32.929
13.536 -60.25 33.453
15.343 -66.48 33.411
16.647 -70.42 33.044
17.966 -73.80 32.449
18.783 -74.96 32.195
18.950 -74.65 32.177
18.929 -72.73 31.943
19.125 -69.38 30.718
18.727 -62.87 29.368
16.661 -50.19 28.623
14.388 -40.38 28.140
12.661 -38.37 28.371
10.091 -38.92 28.354
7.2347 -44.69 22.030
5.8647 -49.87 15.712
5.8647 -49.87 15.712
-4.824 -64.35 4.9244
-6.265 -63.90 5.2090
-7.103 -61.73 6.2059
-7.354 -57.37 8.3143
-6.262 -54.11 11.471
-4.398 -55.32 15.234
-1.422 -57.34 19.242
3.2848 -57.97 23.613
7.8157 -57.53 25.986
9.7831 -52.71 26.533
9.8261 -48.49 26.239
9.8789 -48.68 24.708
10.245 -50.02 22.623
11.050 -56.39 19.812
11.648 -64.90 16.123
11.707 -70.21 12.275
11.608 -72.24 9.4611
10.880 -58.54 11.286
7.8602 -35.46 13.592
4.3578 -21.40 13.331
1.0252 -7.399 12.231
0.2561 -13.73 13.021
-0.453 -20.07 13.612
-0.453 -20.07 13.612
-3.248 -25.11 17.118
-4.101 -20.82 20.082
-4.332 -16.29 22.765
-2.822 -16.73 25.803
-0.064 -20.86 28.684
4.0969 -29.29 30.732
8.3950 -40.01 31.948
10.903 -50.11 32.929
13.536 -60.25 33.453
15.343 -66.48 33.411
16.647 -70.42 33.044
17.966 -73.80 32.449
18.783 -74.96 32.195
18.950 -74.65 32.177
18.929 -72.73 31.943
19.125 -69.38 30.718
18.727 -62.87 29.368
16.661 -50.18 28.623
14.388 -40.38 28.140
12.661 -38.37 28.371
10.091 -38.92 28.354
8.2894 -42.79 23.728
5.8581 -49.88 15.700
-0.012 -58.89 8.5754
-4.824 -64.35 4.9244
-6.265 -63.90 5.2090
-7.103 -61.73 6.2059
-7.354 -57.37 8.3143
-6.262 -54.11 11.471
-4.398 -55.32 15.234
-1.422 -57.34 19.242
3.2848 -57.97 23.613
7.8157 -57.53 25.986
9.7831 -52.71 26.533
9.8261 -48.49 26.239
9.8789 -48.68 24.708
10.245 -50.02 22.623
11.050 -56.39 19.812
11.648 -64.90 16.123
11.707 -70.21 12.275
11.608 -72.24 9.4611
10.880 -58.54 11.286
7.8602 -35.46 13.592
4.3578 -21.40 13.331
1.0252 -7.399 12.231
0.2561 -13.73 13.021
-0.453 -20.07 13.612
-0.453 -20.07 13.612
-3.248 -25.11 17.118
-4.101 -20.82 20.082
-4.332 -16.29 22.765
-2.822 -16.73 25.803
-0.064 -20.86 28.684
4.0969 -29.29 30.732
8.3950 -40.01 31.948
10.903 -50.11 32.929
13.536 -60.25 33.453
15.343 -66.48 33.411
16.647 -70.42 33.044
17.966 -73.80 32.449
18.783 -74.96 32.195
18.950 -74.65 32.177
18.929 -72.73 31.943
19.125 -69.38 30.718
18.727 -62.87 29.368
16.661 -50.18 28.623
14.388 -40.38 28.140
11.897 -38.65 28.312
10.091 -38.92 28.354
-9.719 92.866 92.770
-9.730 87.817 93.541
-9.664 78.894 94.863
-9.738 71.984 95.874
-9.519 66.344 96.499
-8.973 62.342 96.514
-8.614 60.966 95.852
-8.115 61.923 94.468
-7.394 63.500 92.993
-6.721 64.737 91.892
-6.175 65.360 91.373
-5.764 64.112 91.559
-5.438 61.624 92.092
-5.225 59.235 92.685
-5.077 57.101 93.256
-4.955 55.607 93.646
-4.940 55.067 93.838
-4.989 55.074 93.891
-5.054 55.154 93.934
-5.163 55.443 94.001
-5.326 55.950 94.096
-5.553 56.339 94.268
-5.764 57.130 94.414
-5.952 58.614 94.437
-6.177 60.666 94.518
-6.411 63.844 94.854
-6.506 65.755 95.088
-6.506 65.755 95.088
-6.555 68.915 96.645
-6.376 70.924 97.455
-6.093 73.152 97.762
-5.783 76.750 97.844
-5.389 80.980 97.560
-4.910 85.291 97.176
-4.404 89.554 96.850
-3.918 93.564 96.481
-3.523 97.067 96.104
-3.258 100.04 95.816
-3.104 102.15 95.602
-3.000 103.44 95.484
-2.975 103.75 95.455
-3.199 102.94 95.513
-3.797 100.96 95.617
-4.565 98.005 95.823
-5.534 95.834 95.893
-6.500 95.557 95.252
-7.504 95.279 94.232
-8.726 94.762 93.246
-9.719 92.866 92.770
-9.936 84.995 93.850
-9.664 78.908 94.861
-9.664 78.908 94.861
-9.521 66.349 96.498
-8.872 61.618 96.578
-8.614 60.966 95.852
-8.115 61.923 94.468
-7.394 63.500 92.993
-6.721 64.737 91.892
-6.175 65.360 91.373
-5.764 64.112 91.559
-5.438 61.624 92.092
-5.225 59.235 92.686
-5.077 57.101 93.256
-4.955 55.607 93.646
-4.940 55.067 93.838
-4.989 55.074 93.891
-5.054 55.154 93.934
-5.163 55.443 94.001
-5.326 55.950 94.096
-5.553 56.339 94.268
-5.764 57.130 94.414
-5.952 58.614 94.437
-6.177 60.666 94.518
-6.411 63.844 94.854
-6.506 65.755 95.088
-6.506 65.755 95.088
-6.555 68.915 96.645
-6.376 70.924 97.455
-6.093 73.152 97.762
-5.783 76.750 97.844
-5.389 80.980 97.560
-4.910 85.291 97.176
-4.404 89.554 96.850
-3.918 93.564 96.481
-3.523 97.067 96.104
-3.258 100.04 95.816
-3.104 102.15 95.602
-3.000 103.44 95.484
-2.975 103.75 95.455
-3.199 102.94 95.513
-3.797 100.96 95.617
-4.565 98.005 95.823
-5.534 95.834 95.893
-6.500 95.557 95.252
-7.504 95.279 94.232
-8.726 94.762 93.246
-9.719 92.866 92.770
-9.913 86.939 93.589
-9.664 78.894 94.863
-9.738 71.984 95.874
-9.519 66.344 96.499
-8.973 62.342 96.514
-8.614 60.966 95.852
-8.115 61.923 94.468
-7.394 63.500 92.993
-6.721 64.737 91.892
-6.175 65.360 91.373
-5.764 64.112 91.559
-5.438 61.624 92.092
-5.225 59.235 92.686
-5.077 57.101 93.256
-4.955 55.607 93.646
-4.940 55.068 93.838
-4.989 55.074 93.891
-5.054 55.154 93.934
-5.163 55.443 94.001
-5.326 55.950 94.096
-5.553 56.339 94.268
-5.764 57.130 94.414
-5.952 58.614 94.437
-6.177 60.666 94.518
-6.411 63.844 94.854
-6.506 65.755 95.088
-6.506 65.755 95.088
-6.555 68.915 96.645
-6.376 70.924 97.455
-6.093 73.152 97.762
-5.783 76.750 97.844
-5.389 80.980 97.560
-4.910 85.291 97.176
-4.404 89.554 96.850
-3.918 93.564 96.481
-3.523 97.067 96.104
-3.258 100.04 95.816
-3.104 102.15 95.602
-3.000 103.44 95.484
-2.975 103.75 95.455
-3.199 102.94 95.513
-3.797 100.96 95.617
-4.565 98.005 95.823
-5.534 95.834 95.893
-6.500 95.557 95.252
-7.504 95.279 94.232
-8.918 93.890 93.251
-9.719 92.866 92.770
13.829 22.692 2.9959
16.207 22.692 3.5009
20.454 22.706 4.3995
24.477 22.750 5.2245
26.630 22.786 5.6643
25.199 22.976 5.3596
20.080 23.563 4.2667
11.060 24.379 2.4021
1.4687 25.235 0.4746
-5.920 26.175 -1.066
-9.052 26.663 -1.740
-7.727 26.657 -1.431
-4.780 26.585 -0.768
-1.333 26.398 -0.031
1.9913 26.185 0.6750
4.4640 26.055 1.1906
5.4433 25.993 1.3791
5.4055 25.961 1.3649
5.1807 25.935 1.3352
4.7729 25.898 1.2617
4.1929 25.845 1.1538
3.5665 25.774 1.0602
2.7472 25.686 0.9239
1.3124 25.618 0.6572
0.4259 25.600 0.4924
2.0255 25.359 0.8148
3.6190 25.110 1.1396
3.6190 25.110 1.1396
13.321 24.336 3.1501
18.589 24.083 4.2762
20.035 24.102 4.5844
19.975 24.176 4.5974
19.582 24.381 4.5962
18.357 24.643 4.4089
16.825 24.915 4.1232
15.689 25.202 3.9063
15.196 25.348 3.8056
15.622 25.373 3.8707
16.939 25.397 4.0972
18.805 25.366 4.4350
21.291 25.242 4.8890
24.234 25.047 5.4331
27.259 24.761 6.0056
30.503 24.287 6.6386
32.153 23.993 6.9646
28.670 23.750 6.2048
22.509 23.327 4.8854
16.831 22.913 3.6479
13.829 22.692 2.9959
17.143 22.699 3.6917
20.447 22.705 4.3983
20.447 22.705 4.3983
26.630 22.786 5.6643
25.199 22.976 5.3596
20.080 23.563 4.2667
11.060 24.379 2.4021
1.4687 25.235 0.4746
-5.920 26.175 -1.066
-9.052 26.663 -1.740
-7.727 26.657 -1.431
-4.780 26.585 -0.768
-1.333 26.398 -0.031
1.9913 26.185 0.6750
4.4640 26.055 1.1906
5.4433 25.993 1.3791
5.4055 25.961 1.3649
5.1807 25.935 1.3352
4.7729 25.898 1.2617
4.1929 25.845 1.1538
3.5665 25.774 1.0602
2.7472 25.686 0.9239
1.3124 25.618 0.6572
0.4259 25.600 0.4924
2.0255 25.359 0.8148
3.6190 25.110 1.1396
3.6190 25.110 1.1396
13.321 24.336 3.1501
18.589 24.083 4.2762
20.035 24.102 4.5844
19.975 24.176 4.5974
19.582 24.381 4.5962
18.357 24.643 4.4089
16.825 24.915 4.1232
15.689 25.202 3.9063
15.196 25.348 3.8056
15.622 25.373 3.8707
16.939 25.397 4.0972
18.805 25.366 4.4350
21.291 25.242 4.8890
24.234 25.047 5.4331
27.259 24.761 6.0056
30.503 24.287 6.6386
32.153 23.993 6.9646
28.670 23.750 6.2048
22.509 23.327 4.8854
16.831 22.913 3.6479
13.829 22.692 2.9959
16.207 22.692 3.5009
20.454 22.706 4.3995
24.477 22.750 5.2245
26.630 22.786 5.6643
25.199 22.976 5.3596
20.080 23.563 4.2667
11.060 24.379 2.4021
1.4687 25.235 0.4746
-5.920 26.175 -1.066
-9.052 26.663 -1.740
-7.727 26.657 -1.431
-4.780 26.585 -0.768
-1.333 26.398 -0.031
1.9913 26.185 0.6750
4.4640 26.055 1.1906
5.4433 25.993 1.3791
5.4055 25.961 1.3649
5.1807 25.935 1.3352
4.7729 25.898 1.2617
4.1929 25.845 1.1538
3.5665 25.774 1.0602
2.7472 25.686 0.9239
1.3124 25.618 0.6572
0.4259 25.600 0.4924
2.0255 25.359 0.8148
3.6190 25.110 1.1396
3.6190 25.110 1.1396
13.321 24.336 3.1501
18.589 24.083 4.2762
20.035 24.102 4.5844
19.975 24.176 4.5974
19.582 24.381 4.5962
18.357 24.643 4.4089
16.825 24.915 4.1232
15.689 25.202 3.9063
15.196 25.348 3.8056
15.622 25.373 3.8707
16.939 25.397 4.0972
18.805 25.366 4.4350
21.291 25.242 4.8890
24.234 25.047 5.4331
27.259 24.761 6.0056
30.503 24.287 6.6386
32.153 23.993 6.9646
28.670 23.750 6.2048
22.509 23.327 4.8854
16.831 22.913 3.6479
13.829 22.692 2.9959
-3.227 0.4000 -0.696
-3.477 0.4334 -0.734
-4.057 0.5204 -0.835
-4.940 0.6719 -1.009
-5.492 0.7700 -1.120
-4.270 0.6095 -0.846
-0.860 0.2774 -0.143
4.1972 -0.125 0.8232
9.4181 -0.395 1.7841
13.470 -0.460 2.4975
15.178 -0.485 2.7885
14.537 -0.453 2.6770
13.108 -0.383 2.4295
11.431 -0.303 2.1385
9.8068 -0.222 1.8568
8.5793 -0.154 1.6422
8.0855 -0.124 1.5554
8.1358 -0.128 1.5647
8.3779 -0.148 1.6070
8.7710 -0.182 1.6773
9.3995 -0.236 1.7888
10.268 -0.306 1.9437
11.309 -0.391 2.1279
12.706 -0.492 2.3696
13.503 -0.582 2.5092
12.685 -0.642 2.3696
11.870 -0.664 2.2265
11.870 -0.664 2.2265
6.8010 -0.455 1.3265
4.1610 -0.288 0.8431
3.4909 -0.199 0.7000
3.4930 -0.177 0.6824
3.5007 -0.173 0.6801
3.9508 -0.211 0.7551
4.3943 -0.249 0.8314
4.3592 -0.245 0.8220
4.1106 -0.213 0.7587
3.1142 -0.096 0.5557
1.3118 0.1159 0.2060
-0.619 0.3465 -0.174
-2.854 0.6195 -0.621
-5.318 0.9304 -1.124
-7.736 1.2480 -1.632
-10.29 1.6124 -2.194
-11.57 1.8030 -2.484
-10.11 1.5055 -2.160
-7.437 1.0051 -1.573
-4.722 0.5995 -1.003
-3.227 0.4000 -0.696
-3.642 0.4602 -0.765
-4.056 0.5204 -0.835
-4.056 0.5204 -0.835
-5.492 0.7700 -1.120
-4.270 0.6095 -0.846
-0.860 0.2774 -0.143
4.1972 -0.125 0.8232
9.4181 -0.395 1.7841
13.470 -0.460 2.4975
15.178 -0.485 2.7885
14.537 -0.453 2.6770
13.108 -0.383 2.4295
11.431 -0.303 2.1385
9.8068 -0.222 1.8568
8.5793 -0.154 1.6422
8.0855 -0.124 1.5554
8.1358 -0.128 1.5647
8.3779 -0.148 1.6070
8.7710 -0.182 1.6773
9.3995 -0.236 1.7888
10.268 -0.306 1.9437
11.309 -0.391 2.1267
12.706 -0.492 2.3696
13.503 -0.582 2.5092
12.685 -0.642 2.3696
11.870 -0.664 2.2265
11.870 -0.664 2.2265
6.8010 -0.455 1.3265
4.1621 -0.288 0.8431
3.4909 -0.199 0.7000
3.4930 -0.177 0.6824
3.5007 -0.173 0.6801
3.9508 -0.211 0.7551
4.3943 -0.249 0.8314
4.3592 -0.245 0.8220
4.1106 -0.213 0.7587
3.1142 -0.096 0.5557
1.3118 0.1159 0.2060
-0.619 0.3465 -0.174
-2.854 0.6195 -0.621
-5.318 0.9304 -1.124
-7.736 1.2480 -1.632
-10.29 1.6124 -2.194
-11.57 1.8030 -2.484
-10.11 1.5055 -2.160
-7.437 1.0051 -1.573
-4.722 0.5995 -1.003
-3.227 0.4000 -0.696
-3.477 0.4334 -0.734
-4.057 0.5204 -0.835
-4.940 0.6719 -1.009
-5.492 0.7700 -1.120
-4.270 0.6095 -0.846
-0.860 0.2774 -0.143
4.1972 -0.125 0.8232
9.4181 -0.395 1.7841
13.470 -0.460 2.4975
15.178 -0.485 2.7885
14.537 -0.453 2.6770
13.108 -0.383 2.4295
11.431 -0.303 2.1385
9.8068 -0.222 1.8568
8.5793 -0.154 1.6422
8.0855 -0.124 1.5554
8.1358 -0.128 1.5647
8.3779 -0.148 1.6070
8.7710 -0.182 1.6773
9.3995 -0.236 1.7888
10.268 -0.306 1.9437
11.309 -0.391 2.1279
12.706 -0.492 2.3696
13.503 -0.582 2.5092
12.685 -0.642 2.3696
11.870 -0.664 2.2265
11.870 -0.664 2.2265
6.8010 -0.455 1.3265
4.1610 -0.288 0.8431
3.4909 -0.199 0.7000
3.4930 -0.177 0.6824
3.5007 -0.173 0.6801
3.9508 -0.211 0.7551
4.3943 -0.249 0.8314
4.3592 -0.245 0.8220
4.1106 -0.213 0.7587
3.1142 -0.096 0.5557
1.3118 0.1159 0.2060
-0.619 0.3465 -0.174
-2.854 0.6195 -0.621
-5.318 0.9304 -1.124
-7.736 1.2480 -1.632
-10.29 1.6124 -2.194
-11.57 1.8030 -2.484
-10.11 1.5055 -2.160
-7.437 1.0051 -1.573
-4.722 0.5995 -1.003
-3.227 0.4000 -0.696
0 11.120 0
0 11.120 0
0 11.120 0
0 11.120 0
0 11.120 0
0 11.120 0
0 11.120 0
0 11.120 0
0 11.120 0
0 11.120 0
0 11.120 0
0 11.120 0
0 11.120 0
0 11.120 0
0 11.120 0
0 11.120 0
0 11.120 0
0 11.120 0
0 11.120 0
0 11.120 0
0 11.120 0
0 11.120 0
0 11.120 0
0 11.120 0
0 11.120 0
0 11.120 0
0 11.120 0
0 11.120 0
0 11.120 0
0 11.120 0
0 11.120 0
0 11.120 0
0 11.120 0
0 11.120 0
0 11.120 0
0 11.120 0
0 11.120 0
0 11.120 0
0 11.120 0
0 11.120 0
0 11.120 0
0 11.120 0
0 11.120 0
0 11.120 0
0 11.120 0
0 11.120 0
0 11.120 0
0 11.120 0
0 11.120 0
0 11.120 0
0 11.120 0
0 11.120 0
0 11.120 0
0 11.120 0
0 11.120 0
0 11.120 0
0 11.120 0
0 11.120 0
0 11.120 0
0 11.120 0
0 11.120 0
0 11.120 0
0 11.120 0
0 11.120 0
0 11.120 0
0 11.120 0
0 11.120 0
0 11.120 0
0 11.120 0
0 11.120 0
0 11.120 0
0 11.120 0
0 11.120 0
0 11.120 0
0 11.120 0
0 11.120 0
0 11.120 0
0 11.120 0
0 11.120 0
0 11.120 0
0 11.120 0
0 11.120 0
0 11.120 0
0 11.120 0
0 11.120 0
0 11.120 0
0 11.120 0
0 11.120 0
0 11.120 0
0 11.120 0
0 11.120 0
0 11.120 0
0 11.120 0
0 11.120 0
0 11.120 0
0 11.120 0
0 11.120 0
0 11.120 0
0 11.120 0
0 11.120 0
0 11.120 0
0 11.120 0
0 11.120 0
0 11.120 0
0 11.120 0
0 11.120 0
0 11.120 0
0 11.120 0
0 11.120 0
0 11.120 0
0 11.120 0
0 11.120 0
0 11.120 0
0 11.120 0
0 11.120 0
0 11.120 0
0 11.120 0
0 11.120 0
0 11.120 0
0 11.120 0
0 11.120 0
0 11.120 0
0 11.120 0
0 11.120 0
0 11.120 0
0 11.120 0
0 11.120 0
0 11.120 0
0 11.120 0
0 11.120 0
0 11.120 0
0 11.120 0
0 11.120 0
0 11.120 0
0 11.120 0
0 11.120 0
0 11.120 0
0 11.120 0
0 11.120 0
0 11.120 0
0 11.120 0
0 11.120 0
0 11.120 0
0 11.120 0
0 11.120 0
-3.141 11.463 179.27
-3.141 11.463 179.27
-3.141 11.463 179.27
-3.021 11.715 179.08
-2.631 12.451 178.53
-2.058 13.488 177.75
-1.299 14.780 176.79
-0.435 16.144 175.79
0.4811 17.502 174.83
1.3426 18.696 173.99
2.1641 19.790 173.28
2.9855 20.901 172.62
3.6825 21.838 172.12
4.2716 22.629 171.72
4.5162 22.955 171.58
4.3417 22.649 171.65
3.8948 21.946 171.91
3.3234 21.127 172.30
2.6443 20.255 172.83
1.9795 19.557 173.43
1.2892 18.901 174.13
0.5822 18.213 174.88
-0.122 17.501 175.67
-0.810 16.765 176.47
-1.461 15.990 177.28
-2.232 14.938 178.25
-2.633 14.347 178.76
-2.633 14.347 178.76
-3.085 12.173 179.27
-3.123 11.693 179.28
-3.134 11.546 179.28
-3.150 11.348 179.28
-3.159 11.228 179.28
-3.165 11.152 179.28
-3.167 11.135 179.28
-3.151 11.333 179.28
-3.109 11.878 179.27
-3.053 12.589 179.27
-2.983 13.498 179.26
-2.912 14.405 179.25
-2.855 15.116 179.25
-2.813 15.657 179.24
-2.798 15.854 179.24
-2.824 15.523 179.24
-2.886 14.717 179.25
-2.970 13.661 179.25
-3.052 12.605 179.27
-3.115 11.796 179.27
-3.141 11.463 179.27
-3.141 11.463 179.27
-3.141 11.463 179.27
-3.141 11.463 179.27
-2.632 12.451 178.53
-2.022 13.559 177.69
-1.299 14.780 176.79
-0.435 16.144 175.79
0.4811 17.502 174.83
1.3426 18.696 173.99
2.1641 19.790 173.28
2.9855 20.901 172.62
3.6825 21.838 172.12
4.2716 22.629 171.72
4.5162 22.955 171.58
4.3417 22.649 171.65
3.8948 21.946 171.91
3.3234 21.127 172.30
2.6443 20.255 172.83
1.9795 19.557 173.43
1.2892 18.901 174.13
0.5822 18.213 174.88
-0.122 17.501 175.67
-0.810 16.765 176.47
-1.461 15.990 177.28
-2.232 14.938 178.25
-2.633 14.347 178.76
-2.633 14.347 178.76
-3.085 12.173 179.27
-3.123 11.693 179.28
-3.134 11.546 179.28
-3.150 11.348 179.28
-3.159 11.228 179.28
-3.165 11.152 179.28
-3.167 11.135 179.28
-3.151 11.333 179.28
-3.109 11.878 179.27
-3.053 12.589 179.27
-2.983 13.498 179.26
-2.912 14.405 179.25
-2.855 15.116 179.25
-2.813 15.657 179.24
-2.798 15.854 179.24
-2.824 15.523 179.24
-2.886 14.717 179.25
-2.970 13.661 179.25
-3.052 12.605 179.27
-3.115 11.796 179.27
-3.141 11.463 179.27
-3.141 11.463 179.27
-3.141 11.463 179.27
-3.021 11.715 179.08
-2.631 12.451 178.53
-2.058 13.488 177.75
-1.299 14.780 176.79
-0.435 16.144 175.79
0.4811 17.502 174.83
1.3426 18.696 173.99
2.1641 19.790 173.28
2.9855 20.901 172.62
3.6825 21.838 172.12
4.2716 22.629 171.72
4.5162 22.955 171.58
4.3417 22.649 171.65
3.8948 21.946 171.91
3.3234 21.127 172.30
2.6443 20.255 172.83
1.9795 19.557 173.43
1.2892 18.901 174.13
0.5822 18.213 174.88
-0.122 17.501 175.67
-0.810 16.765 176.47
-1.461 15.990 177.28
-2.232 14.938 178.25
-2.633 14.347 178.76
-2.633 14.347 178.76
-3.085 12.173 179.27
-3.123 11.693 179.28
-3.134 11.546 179.28
-3.150 11.348 179.28
-3.159 11.228 179.28
-3.165 11.152 179.28
-3.167 11.135 179.28
-3.151 11.333 179.28
-3.109 11.878 179.27
-3.053 12.589 179.27
-2.983 13.498 179.26
-2.912 14.405 179.25
-2.855 15.116 179.25
-2.813 15.657 179.24
-2.798 15.854 179.24
-2.824 15.523 179.24
-2.886 14.717 179.25
-2.970 13.661 179.25
-3.052 12.605 179.27
-3.115 11.796 179.27
-3.141 11.463 179.27
4.2259 42.475 -4.656
4.9515 44.561 -5.228
6.2067 48.680 -6.170
7.2368 52.770 -6.957
7.8634 56.404 -7.191
8.0458 58.667 -6.822
8.0709 59.356 -6.345
7.8029 59.367 -5.689
7.3056 59.344 -4.865
6.8010 58.745 -4.123
6.2130 57.653 -3.406
5.7563 56.796 -2.664
4.9995 55.713 -1.924
3.5899 54.323 -1.167
1.8405 52.496 -0.497
-0.026 49.973 -0.011
-1.702 47.567 0.3871
-2.998 45.800 0.7874
-3.508 45.111 1.1955
-3.493 45.164 1.6603
-3.379 45.544 1.9025
-2.326 46.616 1.9532
-0.255 48.210 1.9513
1.8895 49.874 1.8888
4.2530 51.344 1.7716
7.2316 52.319 1.5763
8.8695 52.644 1.4494
8.8695 52.644 1.4494
11.949 51.867 2.4492
12.140 51.706 3.3748
12.152 51.524 4.2184
11.768 51.180 5.0580
10.781 50.429 5.7766
9.4512 48.980 6.3371
7.8738 47.215 6.7120
6.2734 45.588 6.9912
4.8232 43.945 6.9990
3.7546 42.238 6.7764
2.9456 40.641 6.3995
2.1209 38.957 5.8918
1.6643 38.132 5.3041
1.5642 38.224 4.7124
1.5725 38.427 3.9547
1.7800 38.655 3.0799
2.1897 38.920 1.9278
2.5828 39.049 0.4066
3.0530 39.498 -1.313
3.5534 40.554 -3.110
4.2259 42.475 -4.656
5.4540 46.247 -5.775
6.2047 48.673 -6.168
6.2047 48.673 -6.168
7.8634 56.402 -7.191
8.0709 58.985 -6.785
8.0709 59.356 -6.345
7.8029 59.367 -5.689
7.3056 59.344 -4.865
6.8010 58.745 -4.123
6.2130 57.653 -3.406
5.7563 56.796 -2.664
4.9995 55.713 -1.924
3.5899 54.323 -1.167
1.8405 52.496 -0.497
-0.026 49.973 -0.011
-1.702 47.567 0.3871
-2.998 45.800 0.7874
-3.508 45.111 1.1955
-3.493 45.164 1.6603
-3.379 45.544 1.9025
-2.326 46.616 1.9532
-0.255 48.210 1.9513
1.8895 49.874 1.8888
4.2530 51.344 1.7716
7.2316 52.319 1.5763
8.8695 52.644 1.4494
8.8695 52.644 1.4494
11.949 51.867 2.4492
12.140 51.706 3.3748
12.152 51.524 4.2184
11.768 51.180 5.0580
10.781 50.429 5.7766
9.4512 48.980 6.3371
7.8738 47.215 6.7120
6.2734 45.588 6.9912
4.8232 43.945 6.9990
3.7546 42.238 6.7764
2.9456 40.641 6.3995
2.1209 38.957 5.8918
1.6643 38.132 5.3041
1.5642 38.224 4.7124
1.5725 38.427 3.9547
1.7800 38.655 3.0799
2.1897 38.920 1.9278
2.5828 39.049 0.4066
3.0530 39.498 -1.313
3.5534 40.554 -3.110
4.2259 42.475 -4.656
5.1809 45.231 -5.584
6.2067 48.680 -6.170
7.2368 52.770 -6.957
7.8634 56.404 -7.191
8.0458 58.667 -6.822
8.0709 59.356 -6.345
7.8029 59.367 -5.689
7.3056 59.344 -4.865
6.8010 58.747 -4.123
6.2130 57.653 -3.406
5.7563 56.796 -2.664
4.9995 55.713 -1.924
3.5899 54.323 -1.167
1.8405 52.496 -0.497
-0.026 49.973 -0.011
-1.702 47.567 0.3871
-2.998 45.800 0.7874
-3.508 45.111 1.1955
-3.493 45.164 1.6603
-3.379 45.544 1.9025
-2.326 46.616 1.9532
-0.255 48.210 1.9513
1.8895 49.874 1.8888
4.2530 51.344 1.7716
7.2316 52.319 1.5763
8.8695 52.644 1.4494
8.8695 52.644 1.4494
11.949 51.867 2.4492
12.140 51.706 3.3748
12.152 51.524 4.2184
11.768 51.180 5.0580
10.781 50.429 5.7766
9.4512 48.980 6.3371
7.8738 47.215 6.7120
6.2734 45.588 6.9912
4.8232 43.945 6.9990
3.7546 42.238 6.7764
2.9456 40.641 6.3995
2.1209 38.957 5.8918
1.6643 38.132 5.3041
1.5642 38.224 4.7124
1.5725 38.427 3.9547
1.7800 38.655 3.0799
2.1897 38.920 1.9278
2.5828 39.049 0.4066
3.0530 39.498 -1.313
3.7869 41.222 -3.469
4.2259 42.475 -4.656
61.086 -19.27 119.50
60.530 -19.82 118.47
59.352 -20.82 116.47
58.060 -21.74 114.47
56.828 -22.44 112.83
56.022 -22.66 112.15
55.509 -22.65 112.05
55.101 -22.59 112.05
54.968 -22.52 112.09
55.025 -22.48 112.16
55.423 -22.17 112.65
56.050 -21.70 113.42
57.295 -20.62 115.03
59.446 -18.44 118.01
61.918 -15.49 121.88
64.133 -11.74 126.45
65.693 -7.957 130.91
66.382 -5.743 133.54
66.457 -4.930 134.63
66.486 -4.589 135.18
66.453 -4.441 135.61
65.902 -4.968 135.65
64.820 -6.754 134.66
63.644 -8.984 133.37
62.330 -11.63 131.76
60.973 -16.04 128.76
60.293 -18.83 126.81
60.293 -18.83 126.81
58.051 -25.65 122.11
56.645 -28.96 119.92
55.755 -30.77 118.72
54.843 -32.54 117.57
54.465 -33.23 117.12
55.175 -32.43 116.95
56.582 -30.41 117.32
57.964 -27.80 118.69
59.146 -24.64 121.03
59.721 -21.43 125.03
59.939 -18.54 129.65
60.060 -15.99 133.53
60.115 -14.60 135.56
60.167 -14.22 135.85
60.202 -14.13 135.71
60.297 -14.04 135.33
60.419 -14.07 134.03
60.732 -14.76 131.13
61.159 -16.03 127.24
61.398 -17.78 123.00
61.086 -19.27 119.50
60.043 -20.25 117.32
59.354 -20.82 116.48
59.354 -20.82 116.48
56.830 -22.44 112.83
55.848 -22.76 112.05
55.509 -22.65 112.05
55.101 -22.59 112.05
54.968 -22.52 112.09
55.025 -22.48 112.16
55.423 -22.17 112.65
56.050 -21.70 113.42
57.295 -20.62 115.03
59.446 -18.44 118.01
61.918 -15.49 121.88
64.133 -11.74 126.45
65.693 -7.957 130.91
66.382 -5.743 133.54
66.457 -4.930 134.63
66.486 -4.589 135.18
66.453 -4.441 135.61
65.902 -4.968 135.65
64.820 -6.754 134.66
63.644 -8.984 133.37
62.330 -11.63 131.76
60.973 -16.04 128.76
60.293 -18.83 126.81
60.293 -18.83 126.81
58.051 -25.65 122.11
56.645 -28.96 119.92
55.755 -30.77 118.72
54.843 -32.54 117.57
54.465 -33.23 117.12
55.175 -32.43 116.95
56.582 -30.41 117.32
57.964 -27.80 118.69
59.146 -24.64 121.03
59.721 -21.43 125.03
59.939 -18.54 129.65
60.060 -15.99 133.53
60.115 -14.60 135.56
60.167 -14.22 135.85
60.202 -14.13 135.71
60.297 -14.04 135.33
60.419 -14.07 134.03
60.732 -14.76 131.13
61.159 -16.03 127.24
61.398 -17.78 123.00
61.086 -19.27 119.50
60.354 -20.00 117.83
59.352 -20.82 116.47
58.060 -21.74 114.47
56.828 -22.44 112.83
56.022 -22.66 112.15
55.509 -22.65 112.05
55.101 -22.59 112.05
54.968 -22.52 112.09
55.025 -22.48 112.16
55.423 -22.17 112.65
56.050 -21.70 113.42
57.295 -20.62 115.03
59.446 -18.44 118.01
61.918 -15.49 121.88
64.133 -11.74 126.45
65.693 -7.957 130.91
66.382 -5.743 133.54
66.457 -4.930 134.63
66.486 -4.589 135.18
66.453 -4.441 135.61
65.902 -4.968 135.65
64.820 -6.754 134.66
63.644 -8.984 133.37
62.330 -11.63 131.76
60.973 -16.04 128.76
60.293 -18.83 126.81
60.293 -18.83 126.81
58.051 -25.65 122.11
56.645 -28.96 119.92
55.755 -30.77 118.72
54.843 -32.54 117.57
54.465 -33.23 117.12
55.175 -32.43 116.95
56.582 -30.41 117.32
57.964 -27.80 118.69
59.146 -24.64 121.03
59.721 -21.43 125.03
59.939 -18.54 129.65
60.060 -15.99 133.53
60.115 -14.60 135.56
60.167 -14.22 135.85
60.202 -14.13 135.71
60.297 -14.04 135.33
60.419 -14.07 134.03
60.732 -14.76 131.13
61.159 -16.03 127.24
61.223 -17.99 122.34
61.086 -19.27 119.50
67.096 -55.95 111.82
67.917 -52.55 115.76
68.865 -44.91 124.28
68.920 -36.43 133.54
67.847 -29.76 140.47
66.279 -27.23 142.55
64.421 -26.20 142.40
62.103 -25.79 140.98
59.549 -25.34 138.74
56.835 -23.97 136.58
54.437 -22.60 134.10
52.617 -21.42 131.63
51.787 -21.15 128.96
52.033 -22.17 125.79
52.860 -24.12 123.20
53.674 -26.69 120.92
54.664 -29.83 118.22
55.641 -33.20 116.30
56.953 -36.71 115.32
58.760 -40.45 114.08
60.692 -44.49 112.74
62.518 -48.78 111.33
64.114 -52.87 109.90
65.385 -56.32 108.83
66.340 -59.05 107.41
67.119 -61.81 105.03
67.419 -63.02 103.93
67.419 -63.02 103.93
67.128 -62.51 102.53
66.187 -60.04 102.84
64.989 -55.30 104.65
63.738 -49.38 106.70
62.097 -42.44 108.78
60.934 -32.89 112.29
59.830 -23.16 116.31
58.166 -16.35 118.11
57.346 -13.64 118.57
56.959 -18.99 114.50
56.142 -29.86 107.43
55.273 -41.53 101.63
54.070 -52.20 97.590
53.559 -59.18 95.743
53.999 -63.35 95.327
54.676 -65.14 95.883
56.180 -65.00 97.455
58.766 -64.15 99.772
61.838 -62.29 102.93
64.743 -59.84 106.76
67.096 -55.95 111.82
68.552 -49.14 119.63
68.865 -44.93 124.26
68.865 -44.93 124.26
67.850 -29.77 140.46
66.004 -26.67 143.06
64.421 -26.20 142.40
62.103 -25.79 140.98
59.549 -25.34 138.74
56.835 -23.97 136.58
54.437 -22.60 134.10
52.617 -21.42 131.63
51.787 -21.15 128.96
52.033 -22.17 125.79
52.860 -24.12 123.20
53.674 -26.69 120.92
54.664 -29.83 118.22
55.641 -33.20 116.30
56.953 -36.71 115.32
58.760 -40.45 114.08
60.692 -44.49 112.74
62.518 -48.78 111.33
64.114 -52.87 109.90
65.385 -56.32 108.83
66.340 -59.05 107.41
67.119 -61.81 105.03
67.419 -63.02 103.93
67.419 -63.02 103.93
67.128 -62.51 102.53
66.187 -60.04 102.84
64.989 -55.30 104.65
63.738 -49.38 106.70
62.097 -42.44 108.78
60.934 -32.89 112.29
59.830 -23.16 116.31
58.166 -16.35 118.11
57.346 -13.64 118.57
56.959 -18.99 114.50
56.142 -29.86 107.43
55.273 -41.53 101.63
54.070 -52.20 97.590
53.559 -59.18 95.743
53.999 -63.35 95.327
54.676 -65.14 95.883
56.180 -65.00 97.455
58.766 -64.15 99.772
61.838 -62.29 102.93
64.743 -59.84 106.76
67.096 -55.95 111.82
68.412 -51.09 117.51
68.865 -44.91 124.28
68.920 -36.43 133.54
67.847 -29.76 140.47
66.279 -27.23 142.55
64.421 -26.20 142.40
62.103 -25.79 140.98
59.549 -25.34 138.74
56.835 -23.97 136.58
54.437 -22.60 134.10
52.617 -21.42 131.63
51.787 -21.15 128.96
52.033 -22.17 125.79
52.860 -24.12 123.20
53.674 -26.69 120.92
54.664 -29.83 118.22
55.641 -33.20 116.30
56.953 -36.71 115.32
58.760 -40.45 114.08
60.692 -44.49 112.74
62.518 -48.78 111.33
64.114 -52.87 109.90
65.385 -56.32 108.83
66.340 -59.05 107.41
67.119 -61.81 105.03
67.419 -63.02 103.93
67.419 -63.02 103.93
67.128 -62.51 102.53
66.187 -60.04 102.84
64.989 -55.30 104.65
63.738 -49.38 106.70
62.097 -42.44 108.78
60.934 -32.89 112.29
59.830 -23.16 116.31
58.166 -16.35 118.11
57.346 -13.64 118.57
56.959 -18.99 114.50
56.142 -29.86 107.43
55.273 -41.53 101.63
54.070 -52.20 97.590
53.559 -59.18 95.743
53.999 -63.35 95.327
54.676 -65.14 95.883
56.180 -65.00 97.455
58.766 -64.15 99.772
61.838 -62.29 102.93
65.299 -58.71 108.18
67.096 -55.95 111.82
-10.70 -78.23 6.6896
-10.75 -78.62 6.7299
-10.87 -79.56 6.8206
-11.02 -80.80 6.9515
-11.16 -81.97 7.0723
-11.23 -82.61 7.1428
-11.26 -82.88 7.1680
-11.27 -83.00 7.1831
-11.27 -83.02 7.1882
-11.26 -82.91 7.1781
-11.23 -82.62 7.1428
-11.19 -82.22 7.1026
-11.12 -81.67 7.0421
-11.04 -80.94 6.9666
-10.95 -80.25 6.8961
-10.90 -79.86 6.8508
-10.87 -79.62 6.8256
-10.86 -79.48 6.8155
-10.83 -79.25 6.7904
-10.76 -78.70 6.7350
-10.67 -77.98 6.6645
-10.58 -77.25 6.5940
-10.49 -76.50 6.5235
-10.40 -75.85 6.4630
-10.32 -75.16 6.4026
-10.17 -74.05 6.3019
-10.08 -73.40 6.2415
-10.08 -73.40 6.2415
-9.922 -72.14 6.1358
-9.857 -71.66 6.0904
-9.838 -71.52 6.0804
-9.817 -71.36 6.0652
-9.811 -71.32 6.0652
-9.819 -71.38 6.0703
-9.844 -71.57 6.0854
-9.884 -71.85 6.1105
-9.933 -72.21 6.1408
-9.978 -72.56 6.1710
-10.03 -72.96 6.2012
-10.09 -73.46 6.2465
-10.15 -73.92 6.2868
-10.19 -74.20 6.3120
-10.23 -74.47 6.3372
-10.28 -74.88 6.3724
-10.35 -75.39 6.4228
-10.43 -76.04 6.4832
-10.52 -76.77 6.5486
-10.61 -77.50 6.6192
-10.70 -78.23 6.6896
-10.81 -79.10 6.7752
-10.87 -79.56 6.8206
-10.87 -79.56 6.8206
-11.16 -81.97 7.0723
-11.24 -82.71 7.1529
-11.26 -82.88 7.1680
-11.27 -83.00 7.1831
-11.27 -83.02 7.1882
-11.26 -82.91 7.1781
-11.23 -82.62 7.1428
-11.19 -82.22 7.1026
-11.12 -81.67 7.0421
-11.04 -80.94 6.9666
-10.95 -80.25 6.8961
-10.90 -79.86 6.8508
-10.87 -79.62 6.8256
-10.86 -79.48 6.8155
-10.83 -79.25 6.7904
-10.76 -78.70 6.7350
-10.67 -77.98 6.6645
-10.58 -77.25 6.5940
-10.49 -76.50 6.5235
-10.40 -75.85 6.4630
-10.32 -75.16 6.4026
-10.17 -74.05 6.3019
-10.08 -73.40 6.2415
-10.08 -73.40 6.2415
-9.922 -72.14 6.1358
-9.857 -71.66 6.0904
-9.838 -71.52 6.0804
-9.817 -71.36 6.0652
-9.811 -71.32 6.0652
-9.819 -71.38 6.0703
-9.844 -71.57 6.0854
-9.884 -71.85 6.1105
-9.933 -72.21 6.1408
-9.978 -72.56 6.1710
-10.03 -72.96 6.2012
-10.09 -73.46 6.2465
-10.15 -73.92 6.2868
-10.19 -74.20 6.3120
-10.23 -74.47 6.3372
-10.28 -74.88 6.3724
-10.35 -75.39 6.4228
-10.43 -76.04 6.4832
-10.52 -76.77 6.5486
-10.61 -77.50 6.6192
-10.70 -78.23 6.6896
-10.78 -78.83 6.7501
-10.87 -79.56 6.8206
-11.02 -80.80 6.9515
-11.16 -81.97 7.0723
-11.23 -82.61 7.1428
-11.26 -82.88 7.1680
-11.27 -83.00 7.1831
-11.27 -83.02 7.1882
-11.26 -82.91 7.1781
-11.23 -82.62 7.1428
-11.19 -82.22 7.1026
-11.12 -81.67 7.0421
-11.04 -80.94 6.9666
-10.95 -80.25 6.8961
-10.90 -79.86 6.8508
-10.87 -79.62 6.8256
-10.86 -79.48 6.8155
-10.83 -79.25 6.7904
-10.76 -78.70 6.7350
-10.67 -77.98 6.6645
-10.58 -77.25 6.5940
-10.49 -76.50 6.5235
-10.40 -75.85 6.4630
-10.32 -75.16 6.4026
-10.17 -74.05 6.3019
-10.08 -73.40 6.2415
-10.08 -73.40 6.2415
-9.922 -72.14 6.1358
-9.857 -71.66 6.0904
-9.838 -71.52 6.0804
-9.817 -71.36 6.0652
-9.811 -71.32 6.0652
-9.819 -71.38 6.0703
-9.844 -71.57 6.0854
-9.884 -71.85 6.1105
-9.933 -72.21 6.1408
-9.978 -72.56 6.1710
-10.03 -72.96 6.2012
-10.09 -73.46 6.2465
-10.15 -73.92 6.2868
-10.19 -74.20 6.3120
-10.23 -74.47 6.3372
-10.28 -74.88 6.3724
-10.35 -75.39 6.4228
-10.43 -76.04 6.4832
-10.52 -76.77 6.5486
-10.64 -77.70 6.6393
-10.70 -78.23 6.6896
51.798 -61.03 -206.9
50.698 -61.31 -207.1
49.390 -62.21 -207.9
48.964 -63.44 -209.1
48.783 -64.07 -209.7
49.507 -64.50 -210.0
51.557 -65.40 -210.6
54.350 -66.40 -211.2
58.055 -67.73 -212.0
62.589 -69.70 -213.3
67.033 -72.06 -215.1
70.968 -74.95 -217.4
73.086 -75.34 -217.8
73.572 -73.10 -216.2
73.455 -71.74 -215.7
72.671 -69.71 -215.0
71.382 -66.95 -213.6
69.882 -65.94 -213.4
67.685 -65.98 -213.5
64.941 -65.72 -212.9
61.620 -65.38 -212.1
57.750 -64.69 -210.7
53.962 -64.14 -209.0
50.675 -63.84 -207.5
48.508 -63.97 -206.1
47.475 -64.52 -204.4
47.245 -64.81 -203.4
47.245 -64.81 -203.4
50.596 -66.32 -201.1
54.753 -68.40 -200.7
59.875 -71.10 -201.6
66.064 -75.35 -203.9
72.901 -81.96 -209.0
79.998 -95.69 -222.0
84.702 -136.7 -263.0
83.707 -196.4 36.460
81.996 148.72 21.102
83.635 -204.5 26.573
86.647 -156.3 -287.7
83.021 -86.02 -219.7
76.218 -72.61 -208.7
70.723 -68.75 -206.4
66.411 -66.64 -205.5
63.305 -65.25 -205.3
60.938 -63.99 -205.2
58.409 -62.72 -205.3
56.053 -61.73 -205.7
53.743 -61.13 -206.3
51.798 -61.03 -206.9
50.106 -61.67 -207.5
49.394 -62.21 -207.9
49.394 -62.21 -207.9
48.783 -64.07 -209.7
49.522 -64.52 -210.0
51.557 -65.40 -210.6
54.350 -66.40 -211.2
58.055 -67.73 -212.0
62.589 -69.70 -213.3
67.033 -72.06 -215.1
70.968 -74.95 -217.4
73.086 -75.34 -217.8
73.572 -73.10 -216.2
73.455 -71.74 -215.7
72.671 -69.71 -215.0
71.382 -66.95 -213.6
69.882 -65.94 -213.4
67.685 -65.98 -213.5
64.941 -65.72 -212.9
61.620 -65.38 -212.1
57.750 -64.69 -210.7
53.962 -64.14 -209.0
50.675 -63.84 -207.5
48.508 -63.97 -206.1
47.475 -64.52 -204.4
47.245 -64.81 -203.4
47.245 -64.81 -203.4
50.596 -66.32 -201.1
54.753 -68.40 -200.7
59.875 -71.10 -201.6
66.064 -75.35 -203.9
72.901 -81.96 -209.0
79.998 -95.69 -222.0
84.702 -136.7 -263.0
83.707 -196.4 36.460
81.996 148.72 21.102
83.635 -204.5 26.573
86.647 -156.3 -287.7
83.021 -86.02 -219.7
76.218 -72.61 -208.7
70.723 -68.75 -206.4
66.411 -66.64 -205.5
63.305 -65.25 -205.3
60.938 -63.99 -205.2
58.409 -62.72 -205.3
56.053 -61.73 -205.7
53.743 -61.13 -206.3
51.798 -61.03 -206.9
50.211 -61.35 -207.2
49.390 -62.21 -207.9
48.964 -63.44 -209.1
48.783 -64.07 -209.7
49.507 -64.50 -210.0
51.557 -65.40 -210.6
54.350 -66.40 -211.2
58.055 -67.73 -212.0
62.589 -69.70 -213.3
67.033 -72.06 -215.1
70.968 -74.95 -217.4
73.086 -75.34 -217.8
73.572 -73.10 -216.2
73.455 -71.74 -215.7
72.671 -69.71 -215.0
71.382 -66.95 -213.6
69.882 -65.94 -213.4
67.685 -65.98 -213.5
64.941 -65.72 -212.9
61.620 -65.38 -212.1
57.750 -64.69 -210.7
53.962 -64.14 -209.0
50.675 -63.84 -207.5
48.508 -63.97 -206.1
47.475 -64.52 -204.4
47.245 -64.81 -203.4
47.245 -64.81 -203.4
50.596 -66.32 -201.1
54.753 -68.40 -200.7
59.875 -71.10 -201.6
66.064 -75.35 -203.9
72.901 -81.96 -209.0
79.998 -95.69 -222.0
84.702 -136.7 -263.0
83.707 -196.4 36.455
81.996 148.72 21.102
83.635 -204.5 26.573
86.647 -156.3 -287.7
83.021 -86.02 -219.7
76.218 -72.61 -208.7
70.723 -68.75 -206.4
66.411 -66.64 -205.5
63.305 -65.25 -205.3
60.938 -63.99 -205.2
58.409 -62.72 -205.3
56.053 -61.73 -205.7
53.257 -61.18 -206.4
51.798 -61.03 -206.9
-87.58 208.11 51.452
-87.84 211.73 47.817
-88.54 225.26 34.279
-89.14 275.32 -15.77
-88.53 341.01 -81.45
-87.29 1.4728 258.11
-86.01 13.305 246.33
-84.83 21.898 237.81
-83.60 33.484 226.33
-82.04 48.051 211.93
-79.81 63.398 196.88
-76.57 75.500 185.11
-72.79 83.923 177.02
-69.00 89.557 171.74
-65.78 93.032 168.53
-63.39 94.993 166.76
-62.52 95.657 166.19
-63.13 91.737 170.03
-64.30 84.203 177.42
-65.45 75.912 185.51
-66.88 70.613 190.63
-69.09 73.145 188.00
-71.69 79.624 181.38
-74.21 88.272 172.49
-76.80 95.921 164.75
-80.70 99.858 160.61
-82.94 102.13 158.04
-82.94 102.13 158.04
-89.21 176.75 82.871
-86.35 263.42 -4.102
-84.18 267.90 -8.731
-82.01 269.93 -10.95
-80.51 270.91 -12.04
-79.50 271.78 -12.99
-79.21 272.18 -13.42
-80.19 270.78 -11.94
-82.52 265.72 -6.677
-85.34 251.38 7.9193
-87.20 209.85 49.689
-86.72 164.51 95.211
-86.09 152.68 107.12
-86.13 154.20 105.59
-86.26 158.47 101.29
-86.42 164.78 94.953
-86.61 172.88 86.814
-86.79 181.95 77.703
-86.98 191.09 68.521
-87.23 200.02 59.558
-87.58 208.11 51.447
-88.18 217.79 41.754
-88.54 225.23 34.323
-88.54 225.23 34.323
-88.53 340.98 -81.42
-87.11 2.2031 257.38
-86.01 13.305 246.33
-84.83 21.898 237.81
-83.60 33.484 226.33
-82.04 48.051 211.93
-79.81 63.398 196.88
-76.57 75.500 185.11
-72.79 83.923 177.02
-69.00 89.557 171.74
-65.78 93.032 168.53
-63.39 94.993 166.76
-62.52 95.657 166.19
-63.13 91.737 170.03
-64.30 84.203 177.42
-65.45 75.912 185.51
-66.88 70.613 190.63
-69.09 73.145 188.00
-71.69 79.624 181.38
-74.21 88.272 172.49
-76.80 95.921 164.75
-80.70 99.858 160.61
-82.94 102.13 158.04
-82.94 102.13 158.04
-89.21 176.76 82.871
-86.35 263.42 -4.102
-84.18 267.90 -8.731
-82.01 269.93 -10.95
-80.51 270.91 -12.04
-79.50 271.78 -12.99
-79.21 272.18 -13.42
-80.19 270.78 -11.94
-82.52 265.72 -6.677
-85.34 251.38 7.9193
-87.20 209.85 49.689
-86.72 164.51 95.211
-86.09 152.67 107.12
-86.13 154.20 105.59
-86.26 158.47 101.29
-86.42 164.78 94.953
-86.61 172.88 86.814
-86.79 181.95 77.703
-86.98 191.09 68.521
-87.23 200.02 59.558
-87.58 208.11 51.452
-87.94 214.45 45.098
-88.54 225.26 34.279
-89.14 275.31 -15.76
-88.53 341.01 -81.45
-87.29 1.4728 258.11
-86.01 13.305 246.33
-84.83 21.898 237.81
-83.60 33.484 226.33
-82.04 48.051 211.93
-79.81 63.398 196.88
-76.57 75.500 185.11
-72.79 83.923 177.02
-69.00 89.557 171.74
-65.78 93.032 168.53
-63.39 94.993 166.76
-62.52 95.657 166.19
-63.13 91.737 170.03
-64.30 84.203 177.42
-65.45 75.912 185.51
-66.88 70.613 190.63
-69.09 73.145 188.00
-71.69 79.624 181.38
-74.21 88.272 172.49
-76.80 95.921 164.75
-80.70 99.858 160.61
-82.94 102.13 158.04
-82.94 102.13 158.04
-89.21 176.76 82.871
-86.35 263.42 -4.102
-84.18 267.90 -8.731
-82.01 269.93 -10.95
-80.51 270.91 -12.04
-79.50 271.78 -12.99
-79.21 272.18 -13.42
-80.19 270.78 -11.94
-82.52 265.72 -6.677
-85.34 251.38 7.9193
-87.20 209.85 49.689
-86.72 164.51 95.211
-86.09 152.68 107.12
-86.13 154.20 105.59
-86.26 158.47 101.29
-86.42 164.78 94.953
-86.61 172.88 86.814
-86.79 181.95 77.703
-86.98 191.09 68.521
-87.36 201.62 57.955
-87.58 208.11 51.452
-15.22 -59.84 -51.75
-16.50 -61.12 -50.48
-18.55 -63.31 -48.29
-19.61 -64.81 -46.97
-20.52 -66.01 -45.67
-21.75 -66.75 -44.33
-24.10 -66.01 -42.90
-27.97 -63.83 -41.11
-32.21 -59.48 -40.00
-36.10 -53.05 -39.97
-39.23 -45.63 -41.21
-40.29 -38.02 -43.15
-39.37 -31.21 -44.96
-37.45 -25.94 -46.56
-35.04 -22.95 -47.18
-32.98 -21.31 -46.94
-32.11 -20.74 -47.05
-31.32 -23.78 -46.27
-30.03 -29.56 -44.50
-28.99 -35.55 -42.91
-28.93 -39.66 -41.98
-29.81 -40.70 -41.49
-30.50 -41.49 -40.70
-31.05 -42.42 -40.11
-31.19 -43.97 -39.44
-30.48 -47.57 -38.24
-29.83 -49.90 -37.48
-29.83 -49.90 -37.48
-29.22 -56.19 -34.94
-29.48 -59.70 -33.24
-30.23 -61.93 -31.92
-31.09 -64.17 -30.50
-32.17 -65.70 -29.34
-33.48 -66.94 -28.28
-34.47 -67.04 -27.85
-35.39 -65.33 -28.52
-36.29 -61.75 -30.32
-36.49 -56.63 -33.11
-36.37 -51.27 -35.99
-36.77 -46.65 -38.23
-36.42 -44.03 -39.38
-35.04 -43.57 -40.45
-32.51 -44.88 -42.30
-28.03 -47.78 -44.67
-23.04 -51.30 -47.49
-18.89 -54.71 -50.11
-16.11 -57.63 -51.53
-15.03 -59.12 -51.83
-15.22 -59.84 -51.75
-17.01 -61.84 -49.97
-18.55 -63.30 -48.30
-18.55 -63.30 -48.30
-20.51 -66.01 -45.67
-21.92 -66.92 -44.14
-24.10 -66.01 -42.90
-27.97 -63.83 -41.11
-32.21 -59.48 -40.00
-36.10 -53.05 -39.97
-39.23 -45.63 -41.21
-40.29 -38.02 -43.15
-39.37 -31.21 -44.96
-37.45 -25.94 -46.56
-35.04 -22.95 -47.18
-32.98 -21.31 -46.94
-32.11 -20.74 -47.05
-31.32 -23.78 -46.27
-30.03 -29.56 -44.50
-28.99 -35.55 -42.91
-28.93 -39.66 -41.98
-29.81 -40.70 -41.49
-30.50 -41.49 -40.70
-31.05 -42.42 -40.11
-31.19 -43.97 -39.44
-30.48 -47.57 -38.24
-29.83 -49.90 -37.48
-29.83 -49.90 -37.48
-29.22 -56.19 -34.94
-29.48 -59.70 -33.24
-30.23 -61.93 -31.92
-31.09 -64.17 -30.50
-32.17 -65.70 -29.34
-33.48 -66.95 -28.28
-34.47 -67.04 -27.85
-35.39 -65.33 -28.52
-36.29 -61.75 -30.32
-36.49 -56.63 -33.11
-36.37 -51.27 -35.99
-36.77 -46.65 -38.23
-36.42 -44.03 -39.38
-35.04 -43.57 -40.45
-32.51 -44.88 -42.30
-28.03 -47.78 -44.67
-23.04 -51.30 -47.49
-18.89 -54.71 -50.11
-16.11 -57.63 -51.53
-15.03 -59.12 -51.83
-15.22 -59.84 -51.75
-16.62 -61.39 -50.40
-18.55 -63.31 -48.29
-19.61 -64.81 -46.97
-20.52 -66.01 -45.67
-21.75 -66.75 -44.33
-24.10 -66.01 -42.90
-27.97 -63.83 -41.11
-32.21 -59.48 -40.00
-36.10 -53.05 -39.97
-39.23 -45.63 -41.21
-40.29 -38.02 -43.15
-39.37 -31.21 -44.96
-37.45 -25.94 -46.56
-35.04 -22.95 -47.18
-32.98 -21.31 -46.94
-32.11 -20.74 -47.05
-31.32 -23.78 -46.27
-30.03 -29.56 -44.50
-28.99 -35.55 -42.91
-28.93 -39.66 -41.98
-29.81 -40.70 -41.49
-30.50 -41.49 -40.70
-31.05 -42.42 -40.11
-31.19 -43.97 -39.44
-30.48 -47.57 -38.24
-29.83 -49.90 -37.48
-29.83 -49.90 -37.48
-29.22 -56.19 -34.94
-29.48 -59.70 -33.24
-30.23 -61.93 -31.92
-31.09 -64.17 -30.50
-32.17 -65.70 -29.34
-33.48 -66.94 -28.28
-34.47 -67.04 -27.85
-35.39 -65.33 -28.52
-36.29 -61.75 -30.32
-36.49 -56.63 -33.11
-36.37 -51.27 -35.99
-36.77 -46.65 -38.23
-36.42 -44.03 -39.38
-35.04 -43.57 -40.45
-32.51 -44.88 -42.30
-28.03 -47.78 -44.67
-23.04 -51.30 -47.49
-18.89 -54.71 -50.11
-16.11 -57.63 -51.53
-15.14 -59.39 -51.76
-15.22 -59.84 -51.75
22.106 -87.89 -14.62
22.132 -88.16 -14.69
22.158 -88.44 -14.76
22.153 -88.39 -14.75
22.134 -88.18 -14.69
22.087 -87.68 -14.58
22.056 -87.35 -14.49
22.058 -87.38 -14.50
22.082 -87.64 -14.57
22.184 -88.75 -14.84
22.369 -90.87 -15.36
22.557 -93.31 -15.97
22.730 -95.96 -16.63
22.875 -98.54 -17.29
22.970 -100.6 -17.83
23.023 -101.9 -18.17
23.037 -102.4 -18.28
22.989 -101.0 -17.94
22.871 -98.44 -17.27
22.719 -95.72 -16.58
22.559 -93.39 -15.98
22.493 -92.49 -15.75
22.464 -92.09 -15.66
22.415 -91.46 -15.50
22.329 -90.38 -15.24
22.091 -87.67 -14.59
21.913 -85.89 -14.15
21.913 -85.89 -14.15
21.229 -79.88 -12.75
20.764 -76.42 -11.96
20.440 -74.10 -11.47
20.087 -71.77 -10.98
19.794 -69.92 -10.61
19.507 -68.19 -10.26
19.376 -67.43 -10.12
19.431 -67.76 -10.18
19.654 -69.06 -10.44
20.041 -71.42 -10.92
20.443 -74.10 -11.47
20.733 -76.15 -11.91
20.965 -77.85 -12.29
21.146 -79.24 -12.60
21.303 -80.49 -12.88
21.474 -81.91 -13.21
21.631 -83.29 -13.53
21.759 -84.46 -13.80
21.875 -85.56 -14.07
22.006 -86.85 -14.37
22.106 -87.89 -14.62
22.151 -88.37 -14.74
22.158 -88.44 -14.76
22.158 -88.44 -14.76
22.134 -88.18 -14.69
22.084 -87.66 -14.57
22.056 -87.35 -14.49
22.058 -87.38 -14.50
22.082 -87.64 -14.57
22.184 -88.75 -14.84
22.369 -90.87 -15.36
22.557 -93.31 -15.97
22.730 -95.96 -16.63
22.875 -98.54 -17.29
22.970 -100.6 -17.83
23.023 -101.9 -18.17
23.037 -102.4 -18.28
22.989 -101.0 -17.94
22.871 -98.44 -17.27
22.719 -95.72 -16.58
22.559 -93.39 -15.98
22.493 -92.49 -15.75
22.464 -92.09 -15.66
22.415 -91.46 -15.50
22.329 -90.38 -15.24
22.091 -87.67 -14.59
21.913 -85.89 -14.15
21.913 -85.89 -14.15
21.229 -79.88 -12.75
20.764 -76.42 -11.96
20.440 -74.10 -11.47
20.087 -71.77 -10.98
19.794 -69.92 -10.61
19.507 -68.19 -10.26
19.376 -67.43 -10.12
19.431 -67.76 -10.18
19.654 -69.06 -10.44
20.041 -71.42 -10.92
20.443 -74.10 -11.47
20.733 -76.15 -11.91
20.965 -77.85 -12.29
21.146 -79.24 -12.60
21.303 -80.49 -12.88
21.474 -81.91 -13.21
21.631 -83.29 -13.53
21.759 -84.46 -13.80
21.875 -85.56 -14.07
22.006 -86.85 -14.37
22.106 -87.89 -14.62
22.151 -88.37 -14.74
22.158 -88.44 -14.76
22.153 -88.39 -14.75
22.134 -88.18 -14.69
22.087 -87.68 -14.58
22.056 -87.35 -14.49
22.058 -87.38 -14.50
22.082 -87.64 -14.57
22.184 -88.75 -14.84
22.369 -90.87 -15.36
22.557 -93.31 -15.97
22.730 -95.96 -16.63
22.875 -98.54 -17.29
22.970 -100.6 -17.83
23.023 -101.9 -18.17
23.037 -102.4 -18.28
22.989 -101.0 -17.94
22.871 -98.44 -17.27
22.719 -95.72 -16.58
22.559 -93.39 -15.98
22.493 -92.49 -15.75
22.464 -92.09 -15.66
22.415 -91.46 -15.50
22.329 -90.38 -15.24
22.091 -87.67 -14.59
21.913 -85.89 -14.15
21.913 -85.89 -14.15
21.229 -79.88 -12.75
20.764 -76.42 -11.96
20.440 -74.10 -11.47
20.087 -71.77 -10.98
19.794 -69.92 -10.61
19.507 -68.19 -10.26
19.376 -67.43 -10.12
19.431 -67.76 -10.18
19.654 -69.06 -10.44
20.041 -71.42 -10.92
20.443 -74.10 -11.47
20.733 -76.15 -11.91
20.965 -77.85 -12.29
21.146 -79.24 -12.60
21.303 -80.49 -12.88
21.474 -81.91 -13.21
21.631 -83.29 -13.53
21.759 -84.46 -13.80
21.875 -85.56 -14.07
22.027 -87.06 -14.43
22.106 -87.89 -14.62
-16.86 35.690 127.15
-18.83 39.671 125.83
-22.02 46.265 123.37
-24.12 50.103 121.24
-25.61 53.100 118.07
-26.68 56.104 114.24
-26.18 58.124 109.21
-23.95 59.684 102.41
-21.13 61.397 94.174
-17.77 61.885 85.638
-14.53 61.644 77.440
-12.74 61.885 70.265
-11.88 62.242 64.667
-11.80 63.263 60.761
-12.38 64.493 58.324
-12.99 65.213 56.441
-14.24 64.965 55.723
-16.68 63.302 56.229
-19.81 60.584 57.894
-22.71 57.213 60.173
-24.89 54.006 63.073
-25.58 52.464 65.706
-25.60 51.080 68.660
-25.78 48.988 72.435
-25.93 45.315 76.782
-26.01 36.991 83.049
-25.79 31.567 86.873
-25.79 31.567 86.873
-21.99 16.858 95.191
-18.84 10.384 98.444
-16.45 7.3266 99.755
-13.91 4.4277 101.11
-11.77 2.6597 102.07
-9.795 1.2761 102.89
-8.816 0.9742 103.35
-8.627 1.5671 103.37
-8.969 2.8025 103.07
-10.03 4.6967 102.46
-11.31 6.8490 101.74
-12.33 8.5949 101.15
-12.99 10.362 100.76
-13.07 12.284 102.47
-12.81 14.546 107.12
-12.31 17.248 113.39
-12.06 20.394 120.02
-12.48 23.924 125.96
-13.51 27.756 128.71
-14.89 31.506 128.34
-16.86 35.690 127.15
-20.11 42.279 124.88
-22.02 46.254 123.38
-22.02 46.254 123.38
-25.61 53.095 118.08
-26.89 56.653 113.82
-26.18 58.124 109.21
-23.95 59.684 102.41
-21.13 61.397 94.174
-17.77 61.885 85.638
-14.53 61.644 77.440
-12.74 61.885 70.265
-11.88 62.242 64.667
-11.80 63.263 60.761
-12.38 64.493 58.324
-12.99 65.213 56.441
-14.24 64.965 55.723
-16.68 63.302 56.229
-19.81 60.584 57.894
-22.71 57.213 60.173
-24.89 54.006 63.073
-25.58 52.464 65.706
-25.60 51.080 68.660
-25.78 48.988 72.435
-25.93 45.315 76.782
-26.01 36.991 83.049
-25.79 31.567 86.868
-25.79 31.567 86.868
-21.99 16.858 95.191
-18.84 10.384 98.444
-16.45 7.3266 99.755
-13.91 4.4277 101.11
-11.77 2.6597 102.07
-9.795 1.2761 102.89
-8.816 0.9742 103.35
-8.627 1.5671 103.37
-8.969 2.8025 103.07
-10.03 4.6967 102.46
-11.31 6.8490 101.74
-12.33 8.6004 101.15
-12.99 10.362 100.76
-13.07 12.284 102.47
-12.81 14.546 107.12
-12.31 17.248 113.39
-12.06 20.394 120.02
-12.48 23.924 125.96
-13.51 27.756 128.71
-14.89 31.506 128.34
-16.86 35.690 127.15
-19.43 41.049 125.36
-22.02 46.265 123.37
-24.12 50.103 121.24
-25.61 53.100 118.07
-26.68 56.104 114.24
-26.18 58.124 109.21
-23.95 59.684 102.41
-21.13 61.397 94.174
-17.77 61.885 85.638
-14.53 61.644 77.440
-12.74 61.885 70.265
-11.88 62.242 64.667
-11.80 63.263 60.761
-12.38 64.493 58.324
-12.99 65.213 56.441
-14.24 64.965 55.723
-16.68 63.302 56.229
-19.81 60.584 57.894
-22.71 57.213 60.173
-24.89 54.006 63.073
-25.58 52.464 65.706
-25.60 51.080 68.660
-25.78 48.988 72.435
-25.93 45.315 76.782
-26.01 36.991 83.049
-25.79 31.567 86.868
-25.79 31.567 86.868
-21.99 16.858 95.191
-18.84 10.384 98.444
-16.45 7.3266 99.755
-13.91 4.4277 101.11
-11.77 2.6597 102.07
-9.795 1.2761 102.89
-8.816 0.9742 103.35
-8.627 1.5671 103.37
-8.969 2.8025 103.07
-10.03 4.6967 102.46
-11.31 6.8490 101.74
-12.33 8.5949 101.15
-12.99 10.362 100.76
-13.07 12.284 102.47
-12.81 14.546 107.12
-12.31 17.248 113.39
-12.06 20.394 120.02
-12.48 23.924 125.96
-13.51 27.756 128.71
-15.55 32.819 127.94
-16.86 35.690 127.15
