31 frames
21 bones
-0.527 0 31.293
0.8868 -1.420 31.410
2.2971 -2.834 31.219
3.7113 -4.248 30.746
5.1255 -5.663 30.172
6.5436 -7.077 29.644
7.9539 -8.491 29.261
9.3720 -9.905 29.043
10.782 -11.31 28.976
12.196 -12.73 29.027
13.610 -14.14 29.191
15.024 -15.56 29.488
16.439 -16.97 29.926
17.853 -18.39 30.469
19.271 -19.80 30.969
20.685 -21.21 31.297
22.095 -22.63 31.394
23.510 -24.04 31.250
24.924 -25.46 30.797
26.338 -26.87 30.125
27.756 -28.29 29.531
29.166 -29.70 29.144
30.585 -31.11 28.949
31.995 -32.53 28.902
33.409 -33.94 28.953
34.823 -35.36 29.097
36.241 -36.77 29.363
37.656 -38.18 29.761
39.070 -39.60 30.308
40.484 -41.01 30.890
41.898 -42.43 31.293
-1.157 -26.81 100.76
-1.363 -26.94 100.87
-1.470 -27.06 100.93
-1.600 -27.15 101.00
-1.762 -27.21 101.08
-1.958 -27.23 101.18
-2.195 -27.21 101.30
-2.472 -27.16 101.44
-2.808 -27.08 101.61
-3.204 -26.98 101.80
-3.601 -26.86 102.00
-3.881 -26.71 102.12
-3.974 -26.56 102.16
-3.935 -26.40 102.12
-3.793 -26.23 102.04
-3.574 -26.08 101.92
-3.302 -25.93 101.78
-3.034 -25.81 101.64
-2.798 -25.72 101.52
-2.580 -25.66 101.41
-2.362 -25.63 101.31
-2.117 -25.64 101.19
-1.801 -25.70 101.04
-1.406 -25.78 100.85
-0.992 -25.89 100.66
-0.639 -26.03 100.49
-0.385 -26.17 100.37
-0.287 -26.33 100.32
-0.444 -26.49 100.40
-0.799 -26.65 100.57
-1.157 -26.81 100.76
-52.81 -80.37 -104.0
-53.13 -75.34 -105.9
-53.64 -69.57 -108.7
-54.32 -63.21 -112.2
-54.70 -56.78 -115.7
-54.45 -51.05 -118.7
-53.44 -46.65 -120.6
-51.70 -43.90 -120.9
-51.07 -42.58 -121.0
-53.35 -41.70 -122.5
-56.89 -40.80 -125.1
-60.38 -39.98 -128.0
-63.56 -39.81 -130.7
-66.31 -41.11 -132.7
-68.57 -44.83 -133.0
-70.22 -51.89 -130.6
-70.97 -62.68 -125.0
-70.30 -76.60 -116.5
-68.18 -90.45 -107.8
-65.21 -101.8 -101.2
-61.48 -109.9 -96.81
-57.48 -114.6 -94.36
-53.74 -116.0 -93.41
-50.61 -114.8 -93.53
-48.58 -111.4 -94.37
-48.40 -106.3 -95.82
-49.95 -100.5 -97.63
-51.44 -94.94 -99.47
-52.25 -89.70 -101.1
-52.56 -84.95 -102.6
-52.81 -80.37 -104.0
0 75.872 0
0 74.129 0
0 73.226 0
0 73.023 0
0 72.518 0
0 70.857 0
0 67.579 0
0 62.478 0
0 59.517 0
0 62.826 0
0 68.816 0
0 74.698 0
0 80.327 0
0 85.766 0
0 91.265 0
0 96.555 0
0 100.88 0
0 103.53 0
0 104.62 0
0 104.75 0
0 103.17 0
0 99.832 0
0 95.228 0
0 89.933 0
0 85.040 0
0 82.227 0
0 82.209 0
0 82.187 0
0 80.697 0
0 78.237 0
0 75.872 0
-3.449 -89.30 -3.294
-0.631 -86.47 -5.886
2.4507 -84.17 -8.201
5.6729 -82.28 -10.41
8.8663 -80.27 -12.64
11.842 -77.79 -14.91
14.489 -74.70 -17.25
16.728 -70.97 -19.69
17.827 -67.16 -21.05
17.704 -64.07 -20.06
17.225 -60.47 -17.53
16.728 -55.33 -13.89
15.394 -48.77 -8.725
12.746 -42.77 -3.294
8.9047 -39.22 1.4788
4.0597 -38.46 5.2463
-0.731 -41.12 7.6422
-5.947 -45.18 8.2256
-11.88 -48.85 6.1949
-17.56 -53.70 3.1618
-22.25 -60.55 1.1860
-25.44 -69.53 1.6556
-26.54 -79.98 4.6556
-24.95 -90.22 8.8504
-21.29 -98.26 11.651
-17.29 -102.6 11.408
-14.23 -102.6 8.8277
-11.63 -99.77 5.5939
-8.894 -96.33 2.4822
-6.136 -92.66 -0.470
-3.449 -89.30 -3.294
-45.04 -54.39 -144.9
-44.28 -63.05 -141.9
-43.09 -72.02 -138.4
-41.59 -80.66 -134.8
-39.96 -88.35 -131.5
-38.20 -94.58 -128.6
-36.40 -98.96 -126.5
-34.70 -101.2 -125.3
-33.30 -101.6 -124.9
-32.61 -100.1 -125.3
-33.25 -96.43 -126.6
-34.91 -91.32 -128.6
-36.45 -86.03 -130.6
-37.45 -80.98 -132.3
-38.16 -76.14 -133.9
-38.85 -71.30 -135.3
-39.61 -66.26 -136.8
-40.50 -60.98 -138.4
-41.63 -55.15 -140.3
-42.77 -48.98 -142.4
-43.46 -43.41 -143.9
-43.52 -39.08 -144.5
-42.95 -36.08 -144.1
-42.50 -34.09 -143.8
-43.05 -32.61 -144.8
-44.05 -31.91 -146.5
-44.90 -32.40 -147.9
-45.44 -34.80 -148.8
-45.61 -39.54 -148.5
-45.46 -46.36 -147.1
-45.04 -54.39 -144.9
0 100.48 0
0 101.51 0
0 101.16 0
0 99.603 0
0 97.260 0
0 93.967 0
0 89.845 0
0 85.143 0
0 80.227 0
0 76.161 0
0 74.712 0
0 75.775 0
0 76.846 0
0 76.592 0
0 75.698 0
0 74.962 0
0 74.652 0
0 74.873 0
0 75.980 0
0 77.309 0
0 77.385 0
0 75.558 0
0 71.930 0
0 69.869 0
0 73.142 0
0 79.366 0
0 85.743 0
0 91.403 0
0 95.694 0
0 98.549 0
0 100.48 0
-2.076 -60.51 11.074
-4.860 -63.01 13.699
-7.679 -66.35 14.858
-11.61 -69.40 13.537
-15.26 -73.38 11.125
-17.69 -78.97 9.3252
-18.59 -86.29 9.1136
-17.76 -94.68 10.517
-15.00 -102.7 12.709
-10.96 -109.2 13.973
-7.152 -113.0 13.352
-4.553 -112.7 11.593
-2.604 -109.6 9.6883
-0.594 -105.7 7.8637
1.4024 -101.6 6.1319
3.3336 -97.84 4.4621
5.1829 -94.36 2.7837
6.9482 -91.24 1.0257
8.6419 -88.61 -0.891
10.274 -86.08 -3.021
11.804 -82.99 -5.327
13.235 -79.13 -7.675
14.597 -74.65 -9.969
15.205 -70.63 -11.41
14.639 -68.61 -10.92
13.481 -67.58 -8.931
12.027 -65.99 -5.767
9.4218 -63.60 -1.198
5.8155 -61.42 3.4904
1.8877 -60.25 7.6042
-2.076 -60.51 11.074
-5.903 88.486 90.592
-5.902 88.289 90.611
-5.901 88.088 90.633
-5.900 87.890 90.653
-5.900 87.706 90.672
-5.899 87.537 90.691
-5.898 87.393 90.704
-5.898 87.282 90.716
-5.896 87.209 90.723
-5.896 87.183 90.726
-5.896 87.209 90.723
-5.898 87.282 90.716
-5.898 87.393 90.704
-5.899 87.537 90.691
-5.900 87.706 90.672
-5.900 87.890 90.653
-5.901 88.088 90.633
-5.902 88.289 90.611
-5.903 88.486 90.592
-5.903 88.674 90.573
-5.903 88.840 90.557
-5.904 88.986 90.541
-5.904 89.098 90.528
-5.904 89.168 90.522
-5.904 89.193 90.519
-5.904 89.168 90.522
-5.904 89.098 90.528
-5.904 88.986 90.541
-5.903 88.840 90.557
-5.903 88.674 90.573
-5.903 88.486 90.592
-0.363 13.390 -0.772
-0.714 13.337 -0.860
-0.898 13.273 -0.892
-1.119 13.201 -0.850
-1.390 13.131 -0.745
-1.718 13.064 -0.584
-2.111 13.008 -0.377
-2.569 12.969 -0.134
-3.125 12.951 0.1341
-3.780 12.990 0.4210
-4.435 13.092 0.7123
-4.887 13.215 0.9935
-5.026 13.319 1.2516
-4.946 13.363 1.4780
-4.695 13.353 1.6669
-4.315 13.320 1.8053
-3.851 13.274 1.8919
-3.399 13.216 1.9135
-3.004 13.153 1.8659
-2.642 13.092 1.7592
-2.281 13.036 1.5963
-1.881 12.991 1.3901
-1.365 12.961 1.1449
-0.714 12.954 0.8738
-0.033 13.007 0.5840
0.5459 13.128 0.2941
0.9592 13.270 0.0158
1.1151 13.390 -0.240
0.8432 13.439 -0.462
0.2451 13.425 -0.638
-0.363 13.390 -0.772
-0.786 20.669 -1.415
-0.790 20.605 -1.370
-0.798 20.542 -1.243
-0.813 20.488 -1.045
-0.829 20.454 -0.791
-0.850 20.443 -0.491
-0.872 20.464 -0.161
-0.897 20.531 0.1866
-0.921 20.639 0.5418
-0.946 20.729 0.8915
-0.968 20.764 1.2216
-0.988 20.768 1.5204
-1.005 20.759 1.7746
-1.019 20.738 1.9724
-1.028 20.703 2.0998
-1.032 20.658 2.1451
-1.028 20.604 2.0998
-1.019 20.547 1.9724
-1.005 20.494 1.7746
-0.988 20.456 1.5204
-0.968 20.442 1.2216
-0.946 20.462 0.8915
-0.921 20.529 0.5418
-0.897 20.648 0.1866
-0.872 20.753 -0.161
-0.850 20.791 -0.491
-0.829 20.794 -0.791
-0.813 20.784 -1.045
-0.798 20.761 -1.243
-0.790 20.721 -1.370
-0.786 20.669 -1.415
0.1579 13.925 0.0660
0.1613 13.887 0.0675
0.1620 13.833 0.0682
0.1606 13.771 0.0675
0.1565 13.707 0.0653
0.1497 13.652 0.0646
0.1400 13.619 0.0609
0.1270 13.607 0.0579
0.1125 13.628 0.0550
0.0968 13.695 0.0499
0.0768 13.804 0.0448
0.0583 13.894 0.0403
0.0384 13.929 0.0359
0.0226 13.933 0.0315
0.0103 13.925 0.0279
0 13.904 0.0256
0 13.870 0.0249
0 13.824 0.0249
0 13.771 0.0249
0 13.713 0.0264
0.0151 13.660 0.0293
0.0253 13.623 0.0323
0.0384 13.607 0.0344
0.0535 13.626 0.0396
0.0693 13.693 0.0440
0.0872 13.814 0.0484
0.1050 13.917 0.0528
0.1215 13.956 0.0565
0.1380 13.958 0.0609
0.1504 13.949 0.0646
0.1579 13.925 0.0660
0.0303 23.267 179.85
0.0303 23.267 179.85
0.0303 23.267 179.85
0.0303 23.267 179.85
0.0303 23.267 179.85
0.0303 23.267 179.85
0.0303 23.267 179.85
0.0303 23.267 179.85
0.0303 23.267 179.85
0.0303 23.267 179.85
0.0303 23.267 179.85
0.0303 23.267 179.85
0.0303 23.267 179.85
0.0303 23.267 179.85
0.0303 23.267 179.85
0.0303 23.267 179.85
0.0303 23.267 179.85
0.0303 23.267 179.85
0.0303 23.267 179.85
0.0303 23.267 179.85
0.0303 23.267 179.85
0.0303 23.267 179.85
0.0303 23.267 179.85
0.0303 23.267 179.85
0.0303 23.267 179.85
0.0303 23.267 179.85
0.0303 23.267 179.85
0.0303 23.267 179.85
0.0303 23.267 179.85
0.0303 23.267 179.85
0.0303 23.267 179.85
6.4475 55.893 26.246
6.1825 56.008 26.420
5.8269 56.108 26.391
5.3958 56.195 26.183
4.9096 56.265 25.818
4.3864 56.320 25.322
3.8451 56.360 24.727
3.3030 56.375 24.054
2.7798 56.346 23.333
2.2950 56.032 22.588
1.8730 55.480 21.843
1.5355 55.143 21.122
1.3128 55.100 20.454
1.2214 55.098 19.859
1.2532 55.135 19.373
1.4019 55.208 19.027
1.6609 55.312 18.855
2.0210 55.439 18.875
2.4627 55.584 19.078
2.9632 55.737 19.433
3.5046 55.889 19.920
4.0633 56.028 20.505
4.6174 56.142 21.175
5.1459 56.222 21.899
5.6269 55.944 22.646
6.0398 55.573 23.399
6.3622 55.441 24.124
6.5758 55.533 24.804
6.6566 55.645 25.407
6.6091 55.769 25.895
6.4475 55.893 26.246
69.096 150.89 -112.2
69.372 151.15 -112.0
69.608 151.38 -111.8
69.791 151.56 -111.6
69.909 151.68 -111.5
69.950 151.72 -111.5
69.909 151.68 -111.5
69.791 151.56 -111.6
69.608 151.38 -111.8
69.372 151.15 -112.0
69.096 150.89 -112.2
68.791 150.60 -112.4
68.467 150.31 -112.7
68.136 150.02 -112.9
67.812 149.74 -113.1
67.504 149.49 -113.3
67.224 149.26 -113.5
66.988 149.07 -113.7
66.802 148.93 -113.8
66.684 148.84 -113.8
66.643 148.80 -113.9
66.684 148.84 -113.8
66.802 148.93 -113.8
66.988 149.07 -113.7
67.224 149.26 -113.5
67.504 149.49 -113.3
67.812 149.74 -113.1
68.136 150.02 -112.9
68.467 150.31 -112.7
68.791 150.60 -112.4
69.096 150.89 -112.2
19.100 -42.92 105.61
19.080 -43.85 104.98
18.993 -44.66 104.47
18.925 -45.38 104.14
18.769 -45.99 104.09
18.720 -46.44 104.34
18.777 -46.70 104.88
18.941 -46.76 105.70
19.212 -46.67 106.72
19.583 -46.46 107.88
19.979 -46.12 109.13
20.272 -45.58 110.34
20.384 -44.86 111.43
20.337 -44.02 112.36
20.165 -43.14 113.12
19.919 -42.23 113.69
19.630 -41.37 114.03
19.335 -40.64 114.14
19.037 -40.07 114.08
18.750 -39.64 113.84
18.509 -39.34 113.43
18.343 -39.17 112.84
18.239 -39.07 112.10
18.214 -39.03 111.25
18.272 -39.06 110.38
18.406 -39.19 109.53
18.567 -39.49 108.68
18.709 -40.02 107.83
18.856 -40.83 107.04
19.004 -41.85 106.29
19.100 -42.92 105.61
0 -39.63 0
0 -38.87 0
0 -38.22 0
0 -37.67 0
0 -37.21 0
0 -36.83 0
0 -36.53 0
0 -36.30 0
0 -36.13 0
0 -36.03 0
0 -36.18 0
0 -36.46 0
0 -36.93 0
0 -37.63 0
0 -38.49 0
0 -39.39 0
0 -40.30 0
0 -41.27 0
0 -42.23 0
0 -43.12 0
0 -43.87 0
0 -44.40 0
0 -44.68 0
0 -44.69 0
0 -44.46 0
0 -44.00 0
0 -43.34 0
0 -42.49 0
0 -41.48 0
0 -40.50 0
0 -39.63 0
-2.865 -7.441 -60.06
-2.860 -7.679 -60.07
-2.858 -7.743 -60.09
-2.862 -7.621 -60.05
-2.878 -6.728 -59.98
-2.910 -4.907 -59.99
-2.943 -2.822 -60.03
-2.963 -1.593 -60.05
-2.974 -0.747 -60.08
-2.978 -0.454 -60.10
-2.978 -0.419 -60.12
-2.976 -0.630 -60.14
-2.971 -0.878 -60.18
-2.969 -1.038 -60.22
-2.969 -1.028 -60.28
-2.971 -0.895 -60.34
-2.976 -0.632 -60.39
-2.980 -0.291 -60.42
-2.985 0.0695 -60.44
-2.987 0.3784 -60.46
-2.989 0.5250 -60.46
-2.987 0.2614 -60.45
-2.978 -0.483 -60.41
-2.963 -1.633 -60.35
-2.943 -2.860 -60.29
-2.930 -3.714 -60.25
-2.915 -4.707 -60.19
-2.897 -5.661 -60.14
-2.884 -6.454 -60.11
-2.871 -7.037 -60.08
-2.865 -7.441 -60.06
-63.03 142.57 115.01
-62.92 143.16 114.44
-62.81 143.65 113.97
-62.73 144.03 113.60
-62.68 144.27 113.37
-62.66 144.36 113.28
-62.68 144.27 113.37
-62.73 144.03 113.60
-62.81 143.65 113.97
-62.92 143.16 114.44
-63.03 142.57 115.01
-63.16 141.93 115.64
-63.29 141.24 116.31
-63.42 140.52 117.00
-63.54 139.82 117.69
-63.66 139.15 118.34
-63.76 138.54 118.94
-63.84 138.01 119.46
-63.90 137.60 119.86
-63.94 137.34 120.12
-63.95 137.24 120.21
-63.94 137.34 120.12
-63.90 137.60 119.86
-63.84 138.01 119.46
-63.76 138.54 118.94
-63.66 139.15 118.34
-63.54 139.82 117.69
-63.42 140.52 117.00
-63.29 141.24 116.31
-63.16 141.93 115.64
-63.03 142.57 115.01
-22.40 -18.98 -119.8
-22.55 -17.65 -119.6
-22.51 -16.62 -119.5
-22.34 -15.86 -119.2
-22.08 -15.39 -118.8
-21.76 -15.08 -118.5
-21.38 -14.92 -118.1
-21.00 -14.87 -117.7
-20.62 -14.92 -117.5
-20.30 -15.04 -117.4
-20.01 -15.32 -117.4
-19.67 -15.91 -117.4
-19.23 -16.84 -117.4
-18.69 -18.04 -117.3
-18.09 -19.42 -117.1
-17.46 -20.90 -117.0
-16.83 -22.39 -117.0
-16.26 -23.77 -117.0
-15.88 -24.89 -116.9
-15.68 -25.78 -117.0
-15.76 -26.33 -117.3
-16.10 -26.59 -117.6
-16.65 -26.66 -118.0
-17.39 -26.56 -118.4
-18.27 -26.25 -118.7
-19.22 -25.67 -119.0
-20.11 -24.80 -119.3
-20.87 -23.66 -119.5
-21.51 -22.23 -119.7
-22.04 -20.59 -119.8
-22.40 -18.98 -119.8
0 -42.75 0
0 -44.70 0
0 -46.75 0
0 -48.80 0
0 -50.71 0
0 -52.30 0
0 -53.42 0
0 -54.01 0
0 -54.04 0
0 -53.55 0
0 -52.57 0
0 -51.17 0
0 -49.36 0
0 -47.21 0
0 -45.13 0
0 -43.28 0
0 -41.66 0
0 -40.28 0
0 -39.11 0
0 -38.13 0
0 -37.32 0
0 -36.68 0
0 -36.19 0
0 -35.84 0
0 -35.61 0
0 -35.93 0
0 -36.53 0
0 -37.53 0
0 -39.02 0
0 -40.85 0
0 -42.75 0
4.7301 -1.177 110.20
4.7285 -1.442 110.21
4.7255 -1.784 110.20
4.7224 -2.144 110.17
4.7210 -2.453 110.15
4.7195 -2.600 110.13
4.7210 -2.337 110.15
4.7270 -1.589 110.22
4.7361 -0.435 110.31
4.7422 0.7922 110.42
4.7452 1.6476 110.48
4.7482 2.6377 110.57
4.7482 3.5945 110.65
4.7482 4.3899 110.71
4.7482 4.9740 110.76
4.7467 5.3799 110.79
4.7467 5.6160 110.84
4.7452 5.6823 110.87
4.7467 5.5601 110.81
4.7482 4.6653 110.62
4.7482 2.8406 110.39
4.7422 0.7549 110.15
4.7361 -0.479 110.01
4.7301 -1.326 109.92
4.7270 -1.620 109.90
4.7270 -1.655 109.92
4.7285 -1.444 109.97
4.7301 -1.193 110.04
4.7316 -1.036 110.10
4.7316 -1.046 110.16
4.7301 -1.177 110.20
